time	V(gate)	V(n002)
0.000000000000000e+000	3.917481e-003	0.000000e+000
1.953124890551744e-013	3.917631e-003	1.953125e-004
3.906249781103488e-013	3.917820e-003	3.906250e-004
7.812499562206976e-013	3.918342e-003	7.812500e-004
1.562499912441395e-012	3.919916e-003	1.562500e-003
3.124999824882790e-012	3.924860e-003	3.125000e-003
6.249999649765581e-012	3.940081e-003	6.250000e-003
1.249999929953116e-011	3.983314e-003	1.250000e-002
2.499999859906232e-011	4.091427e-003	2.500000e-002
4.806592027081202e-011	4.311384e-003	4.806592e-002
7.709239004593724e-011	4.593287e-003	7.709239e-002
1.351453295961877e-010	5.150933e-003	1.351453e-001
2.307679336150730e-010	6.054727e-003	2.307679e-001
3.664128118500554e-010	7.318140e-003	3.664128e-001
5.759580110975340e-010	9.259446e-003	5.759580e-001
9.018409208867484e-010	1.233181e-002	9.018409e-001
1.358393608800673e-009	1.690531e-002	1.358394e+000
1.882874513528395e-009	2.443181e-002	1.882874e+000
2.282055371457556e-009	3.753381e-002	2.282055e+000
2.584763719769927e-009	5.792803e-002	2.584764e+000
2.940777128160991e-009	9.386411e-002	2.940777e+000
3.306808047613830e-009	1.424718e-001	3.306808e+000
3.903416497858221e-009	2.447846e-001	3.903416e+000
4.595761405945620e-009	3.999775e-001	4.595761e+000
5.609561205687833e-009	7.006928e-001	5.609561e+000
6.851072846190291e-009	1.180959e+000	6.851073e+000
8.196467983085567e-009	1.853105e+000	8.196468e+000
1.000000000000000e-008	2.916403e+000	1.000000e+001
1.018035320169144e-008	3.039134e+000	1.000000e+001
1.054105960507433e-008	3.286256e+000	1.000000e+001
1.126247241184010e-008	3.784672e+000	1.000000e+001
1.223376581134073e-008	4.456831e+000	1.000000e+001
1.332634326295495e-008	5.202365e+000	1.000000e+001
1.431655853673311e-008	5.827569e+000	1.000000e+001
1.503289165841226e-008	6.154264e+000	1.000000e+001
1.595648741084637e-008	6.361088e+000	1.000000e+001
1.661759562629849e-008	6.407735e+000	1.000000e+001
1.723189168686777e-008	6.412575e+000	1.000000e+001
1.791154495248102e-008	6.413635e+000	1.000000e+001
1.864789863213581e-008	6.424101e+000	1.000000e+001
1.945133977074731e-008	6.449206e+000	1.000000e+001
2.029641252273379e-008	6.482499e+000	1.000000e+001
2.146742869180397e-008	6.529229e+000	1.000000e+001
2.316446521894018e-008	6.593454e+000	1.000000e+001
2.496457287255631e-008	6.665887e+000	1.000000e+001
2.563524594687645e-008	6.714013e+000	1.000000e+001
2.599303384282066e-008	6.766754e+000	1.000000e+001
2.622991875476115e-008	6.820438e+000	1.000000e+001
2.640174081857057e-008	6.866764e+000	1.000000e+001
2.660826577444277e-008	6.925741e+000	1.000000e+001
2.683269355141868e-008	6.991342e+000	1.000000e+001
2.708956162939257e-008	7.067150e+000	1.000000e+001
2.744995373417361e-008	7.173527e+000	1.000000e+001
2.780366742750825e-008	7.277197e+000	1.000000e+001
2.828565407616013e-008	7.416638e+000	1.000000e+001
2.882192950105305e-008	7.568925e+000	1.000000e+001
2.945701996872049e-008	7.744849e+000	1.000000e+001
3.020446357320978e-008	7.945684e+000	1.000000e+001
3.103275074522209e-008	8.160110e+000	1.000000e+001
3.202745145408832e-008	8.406624e+000	1.000000e+001
3.308727807841306e-008	8.656153e+000	1.000000e+001
3.435535018465682e-008	8.936872e+000	1.000000e+001
3.588761570392328e-008	9.253125e+000	1.000000e+001
3.737381782144466e-008	9.533895e+000	1.000000e+001
3.958802136805391e-008	9.910396e+000	1.000000e+001
4.162558411467460e-008	1.020944e+001	1.000000e+001
4.517335256390954e-008	1.063126e+001	1.000000e+001
4.857878091818932e-008	1.091161e+001	1.000000e+001
5.360579036694687e-008	1.109649e+001	1.000000e+001
5.763270288199963e-008	1.106659e+001	1.000000e+001
5.937752120895228e-008	1.099100e+001	1.000000e+001
6.045488802138807e-008	1.092627e+001	1.000000e+001
6.108988702905069e-008	1.089444e+001	1.000000e+001
6.147147428283095e-008	1.088750e+001	1.000000e+001
6.177684141021361e-008	1.088866e+001	1.000000e+001
6.200541619886479e-008	1.088999e+001	1.000000e+001
6.219840472053610e-008	1.089086e+001	1.000000e+001
6.237196069849817e-008	1.089154e+001	1.000000e+001
6.254836196233557e-008	1.089216e+001	1.000000e+001
6.271981506181220e-008	1.089270e+001	1.000000e+001
6.290469266304518e-008	1.089322e+001	1.000000e+001
6.310373591703465e-008	1.089371e+001	1.000000e+001
6.332491776156477e-008	1.089418e+001	1.000000e+001
6.357739908484033e-008	1.089451e+001	1.000000e+001
6.386733042075674e-008	1.089453e+001	1.000000e+001
6.420511635686893e-008	1.089426e+001	1.000000e+001
6.460468846064935e-008	1.089396e+001	1.000000e+001
6.509003674532489e-008	1.089363e+001	1.000000e+001
6.566387469913580e-008	1.089325e+001	1.000000e+001
6.636227478318485e-008	1.089278e+001	1.000000e+001
6.720721166958575e-008	1.089220e+001	1.000000e+001
6.823339004920802e-008	1.089148e+001	1.000000e+001
6.953288524404778e-008	1.089056e+001	1.000000e+001
7.130069623961348e-008	1.088931e+001	1.000000e+001
7.384604489463841e-008	1.088750e+001	1.000000e+001
7.785365606699893e-008	1.088468e+001	1.000000e+001
8.484397074012235e-008	1.087980e+001	1.000000e+001
9.868009532014007e-008	1.087028e+001	1.000000e+001
1.182113453201401e-007	1.085705e+001	1.000000e+001
1.377425953201401e-007	1.084402e+001	1.000000e+001
1.572738453201401e-007	1.083118e+001	1.000000e+001
1.768050953201401e-007	1.081855e+001	1.000000e+001
1.963363453201401e-007	1.080613e+001	1.000000e+001
2.158675953201401e-007	1.079396e+001	1.000000e+001
2.353988453201401e-007	1.078205e+001	1.000000e+001
2.549300953201401e-007	1.077043e+001	1.000000e+001
2.744613453201401e-007	1.075914e+001	1.000000e+001
2.939925953201401e-007	1.074818e+001	1.000000e+001
3.135238453201401e-007	1.073758e+001	1.000000e+001
3.330550953201401e-007	1.072736e+001	1.000000e+001
3.525863453201401e-007	1.071753e+001	1.000000e+001
3.721175953201401e-007	1.070810e+001	1.000000e+001
3.916488453201401e-007	1.069909e+001	1.000000e+001
4.111800953201401e-007	1.069050e+001	1.000000e+001
4.307113453201401e-007	1.068234e+001	1.000000e+001
4.502425953201401e-007	1.067460e+001	1.000000e+001
4.697738453201401e-007	1.066729e+001	1.000000e+001
4.893050953201401e-007	1.066041e+001	1.000000e+001
5.088363453201400e-007	1.065395e+001	1.000000e+001
5.283675953201401e-007	1.064791e+001	1.000000e+001
5.478988453201400e-007	1.064228e+001	1.000000e+001
5.674300953201401e-007	1.063705e+001	1.000000e+001
5.869613453201400e-007	1.063221e+001	1.000000e+001
6.064925953201401e-007	1.062775e+001	1.000000e+001
6.260238453201400e-007	1.062366e+001	1.000000e+001
6.455550953201401e-007	1.061992e+001	1.000000e+001
6.650863453201400e-007	1.061652e+001	1.000000e+001
6.846175953201401e-007	1.061344e+001	1.000000e+001
7.041488453201400e-007	1.061066e+001	1.000000e+001
7.236800953201401e-007	1.060818e+001	1.000000e+001
7.432113453201400e-007	1.060596e+001	1.000000e+001
7.627425953201401e-007	1.060401e+001	1.000000e+001
7.822738453201400e-007	1.060229e+001	1.000000e+001
8.018050953201401e-007	1.060078e+001	1.000000e+001
8.213363453201400e-007	1.059948e+001	1.000000e+001
8.408675953201401e-007	1.059837e+001	1.000000e+001
8.603988453201400e-007	1.059741e+001	1.000000e+001
8.799300953201401e-007	1.059661e+001	1.000000e+001
8.994613453201401e-007	1.059593e+001	1.000000e+001
9.189925953201401e-007	1.059537e+001	1.000000e+001
9.385238453201401e-007	1.059491e+001	1.000000e+001
9.580550953201402e-007	1.059452e+001	1.000000e+001
9.775863453201400e-007	1.059421e+001	1.000000e+001
9.971175953201401e-007	1.059394e+001	1.000000e+001
1.016648845320140e-006	1.059372e+001	1.000000e+001
1.036180095320140e-006	1.059352e+001	1.000000e+001
1.055711345320140e-006	1.059334e+001	1.000000e+001
1.075242595320140e-006	1.059317e+001	1.000000e+001
1.094773845320140e-006	1.059299e+001	1.000000e+001
1.114305095320140e-006	1.059281e+001	1.000000e+001
1.133836345320140e-006	1.059261e+001	1.000000e+001
1.153367595320140e-006	1.059239e+001	1.000000e+001
1.172898845320140e-006	1.059216e+001	1.000000e+001
1.192430095320140e-006	1.059190e+001	1.000000e+001
1.211961345320140e-006	1.059162e+001	1.000000e+001
1.231492595320140e-006	1.059132e+001	1.000000e+001
1.251023845320140e-006	1.059100e+001	1.000000e+001
1.270555095320140e-006	1.059066e+001	1.000000e+001
1.290086345320140e-006	1.059031e+001	1.000000e+001
1.309617595320140e-006	1.058994e+001	1.000000e+001
1.329148845320140e-006	1.058956e+001	1.000000e+001
1.348680095320140e-006	1.058917e+001	1.000000e+001
1.368211345320140e-006	1.058878e+001	1.000000e+001
1.387742595320140e-006	1.058838e+001	1.000000e+001
1.407273845320140e-006	1.058798e+001	1.000000e+001
1.426805095320140e-006	1.058758e+001	1.000000e+001
1.446336345320140e-006	1.058718e+001	1.000000e+001
1.465867595320140e-006	1.058678e+001	1.000000e+001
1.485398845320140e-006	1.058638e+001	1.000000e+001
1.504930095320140e-006	1.058599e+001	1.000000e+001
1.524461345320140e-006	1.058559e+001	1.000000e+001
1.543992595320140e-006	1.058521e+001	1.000000e+001
1.563523845320140e-006	1.058482e+001	1.000000e+001
1.583055095320140e-006	1.058444e+001	1.000000e+001
1.602586345320140e-006	1.058406e+001	1.000000e+001
1.622117595320140e-006	1.058369e+001	1.000000e+001
1.641648845320140e-006	1.058332e+001	1.000000e+001
1.661180095320140e-006	1.058295e+001	1.000000e+001
1.680711345320140e-006	1.058259e+001	1.000000e+001
1.719773845320140e-006	1.058188e+001	1.000000e+001
1.758836345320140e-006	1.058119e+001	1.000000e+001
1.817430095320140e-006	1.058018e+001	1.000000e+001
1.867653309605854e-006	1.057934e+001	1.000000e+001
1.917876523891569e-006	1.057852e+001	1.000000e+001
1.968099738177283e-006	1.057772e+001	1.000000e+001
2.018322952462997e-006	1.057694e+001	1.000000e+001
2.068546166748712e-006	1.057619e+001	1.000000e+001
2.118769381034426e-006	1.057545e+001	1.000000e+001
2.168992595320140e-006	1.057473e+001	1.000000e+001
2.266648845320140e-006	1.057340e+001	1.000000e+001
2.364305095320140e-006	1.057211e+001	1.000000e+001
2.461961345320141e-006	1.057087e+001	1.000000e+001
2.559617595320140e-006	1.056967e+001	1.000000e+001
2.657273845320140e-006	1.056853e+001	1.000000e+001
2.754930095320140e-006	1.056744e+001	1.000000e+001
2.852586345320140e-006	1.056640e+001	1.000000e+001
3.011626523891569e-006	1.056478e+001	1.000000e+001
3.170666702462998e-006	1.056323e+001	1.000000e+001
3.329706881034426e-006	1.056175e+001	1.000000e+001
3.488747059605855e-006	1.056035e+001	1.000000e+001
3.647787238177283e-006	1.055901e+001	1.000000e+001
3.806827416748712e-006	1.055774e+001	1.000000e+001
3.965867595320140e-006	1.055655e+001	1.000000e+001
4.108166702462997e-006	1.055551e+001	1.000000e+001
4.250465809605855e-006	1.055451e+001	1.000000e+001
4.392764916748712e-006	1.055354e+001	1.000000e+001
4.535064023891569e-006	1.055260e+001	1.000000e+001
4.677363131034427e-006	1.055169e+001	1.000000e+001
4.819662238177283e-006	1.055081e+001	1.000000e+001
4.961961345320140e-006	1.054997e+001	1.000000e+001
4.981492595320140e-006	1.054985e+001	1.000000e+001
4.990468750000000e-006	1.054980e+001	1.000000e+001
4.992047690640281e-006	1.054979e+001	1.000000e+001
4.995205571920840e-006	1.054977e+001	1.000000e+001
5.001521334481961e-006	1.054974e+001	1.000000e+001
5.010000000000000e-006	1.054964e+001	1.000000e+001
5.010046452866880e-006	1.054906e+001	9.953547e+000
5.010139358600640e-006	1.054770e+001	9.860641e+000
5.010325170068160e-006	1.054477e+001	9.674829e+000
5.010561576324899e-006	1.054088e+001	9.438424e+000
5.011034388838379e-006	1.053267e+001	8.965611e+000
5.011566951850611e-006	1.052269e+001	8.433048e+000
5.012436623026979e-006	1.050471e+001	7.563377e+000
5.013611573613962e-006	1.047685e+001	6.388426e+000
5.015961474787927e-006	1.040897e+001	4.038525e+000
5.020000000000000e-006	1.027361e+001	0.000000e+000
5.020403852521208e-006	1.026366e+001	0.000000e+000
5.021211557563622e-006	1.024403e+001	0.000000e+000
5.022826967648451e-006	1.020500e+001	0.000000e+000
5.024475391130654e-006	1.016512e+001	0.000000e+000
5.026909465158006e-006	1.010607e+001	0.000000e+000
5.031777613212708e-006	9.987430e+000	0.000000e+000
5.040421131845906e-006	9.775232e+000	0.000000e+000
5.057708169112301e-006	9.346872e+000	0.000000e+000
5.077239419112301e-006	8.858515e+000	0.000000e+000
5.096770669112301e-006	8.366902e+000	0.000000e+000
5.116301919112301e-006	7.874172e+000	0.000000e+000
5.135833169112301e-006	7.382543e+000	0.000000e+000
5.155364419112301e-006	6.894095e+000	0.000000e+000
5.174895669112300e-006	6.410772e+000	0.000000e+000
5.194426919112300e-006	5.934381e+000	0.000000e+000
5.213958169112300e-006	5.466605e+000	0.000000e+000
5.233489419112300e-006	5.008301e+000	0.000000e+000
5.248206732963810e-006	4.670026e+000	0.000000e+000
5.258203103356846e-006	4.444654e+000	0.000000e+000
5.265372625673629e-006	4.285727e+000	0.000000e+000
5.270822987162508e-006	4.166850e+000	0.000000e+000
5.275237458179472e-006	4.072344e+000	0.000000e+000
5.278938103210513e-006	3.995112e+000	0.000000e+000
5.282096326442113e-006	3.931726e+000	0.000000e+000
5.284682534424108e-006	3.883067e+000	0.000000e+000
5.286676610781381e-006	3.850024e+000	0.000000e+000
5.288813174435498e-006	3.821485e+000	0.000000e+000
5.290967773283089e-006	3.799711e+000	0.000000e+000
5.293624070446029e-006	3.779329e+000	0.000000e+000
5.296589955693017e-006	3.761578e+000	0.000000e+000
5.301489520199628e-006	3.738684e+000	0.000000e+000
5.308299543550046e-006	3.713590e+000	0.000000e+000
5.319676532417005e-006	3.678755e+000	0.000000e+000
5.337498226025097e-006	3.625008e+000	0.000000e+000
5.357029476025097e-006	3.553660e+000	0.000000e+000
5.376560726025097e-006	3.452503e+000	0.000000e+000
5.396091976025097e-006	3.292943e+000	0.000000e+000
5.413094536861922e-006	3.063286e+000	0.000000e+000
5.430262271050946e-006	2.716924e+000	0.000000e+000
5.449793521050946e-006	2.222857e+000	0.000000e+000
5.469324771050945e-006	1.681243e+000	0.000000e+000
5.488856021050945e-006	1.131798e+000	0.000000e+000
5.508387271050945e-006	5.980479e-001	0.000000e+000
5.523558587424001e-006	2.134394e-001	0.000000e+000
5.530585459909637e-006	7.343155e-002	0.000000e+000
5.534146257278570e-006	3.423505e-002	0.000000e+000
5.536924612654948e-006	2.161471e-002	0.000000e+000
5.539020656435191e-006	1.688270e-002	0.000000e+000
5.541220492819851e-006	1.408382e-002	0.000000e+000
5.543648061824468e-006	1.218684e-002	0.000000e+000
5.546175331718092e-006	1.100047e-002	0.000000e+000
5.549161724525995e-006	1.014822e-002	0.000000e+000
5.552364605842951e-006	9.586278e-003	0.000000e+000
5.556529526269763e-006	9.111806e-003	0.000000e+000
5.561278039531086e-006	8.730476e-003	0.000000e+000
5.568137277869440e-006	8.305937e-003	0.000000e+000
5.576741724148236e-006	7.878209e-003	0.000000e+000
5.591589549830651e-006	7.301427e-003	0.000000e+000
5.611120799830651e-006	6.745131e-003	0.000000e+000
5.630652049830651e-006	6.374491e-003	0.000000e+000
5.650183299830651e-006	6.152723e-003	0.000000e+000
5.669714549830651e-006	6.039324e-003	0.000000e+000
5.689245799830651e-006	6.005310e-003	0.000000e+000
5.708777049830651e-006	6.030079e-003	0.000000e+000
5.728308299830651e-006	6.099155e-003	0.000000e+000
5.747839549830651e-006	6.202412e-003	0.000000e+000
5.767370799830651e-006	6.332903e-003	0.000000e+000
5.786902049830651e-006	6.485911e-003	0.000000e+000
5.806433299830651e-006	6.658375e-003	0.000000e+000
5.825964549830650e-006	6.848395e-003	0.000000e+000
5.845495799830650e-006	7.054967e-003	0.000000e+000
5.865027049830650e-006	7.277722e-003	0.000000e+000
5.884558299830651e-006	7.516823e-003	0.000000e+000
5.904089549830651e-006	7.772825e-003	0.000000e+000
5.923620799830651e-006	8.046654e-003	0.000000e+000
5.943152049830651e-006	8.339535e-003	0.000000e+000
5.962683299830651e-006	8.653020e-003	0.000000e+000
5.982214549830651e-006	8.988954e-003	0.000000e+000
6.001745799830651e-006	9.349537e-003	0.000000e+000
6.021277049830651e-006	9.737317e-003	0.000000e+000
6.040808299830651e-006	1.015529e-002	0.000000e+000
6.060339549830651e-006	1.060692e-002	0.000000e+000
6.079870799830651e-006	1.109625e-002	0.000000e+000
6.099402049830651e-006	1.162803e-002	0.000000e+000
6.118933299830651e-006	1.220790e-002	0.000000e+000
6.138464549830651e-006	1.284249e-002	0.000000e+000
6.157995799830650e-006	1.353972e-002	0.000000e+000
6.177527049830650e-006	1.430907e-002	0.000000e+000
6.197058299830650e-006	1.516216e-002	0.000000e+000
6.216589549830651e-006	1.611301e-002	0.000000e+000
6.236120799830651e-006	1.717891e-002	0.000000e+000
6.255652049830651e-006	1.838158e-002	0.000000e+000
6.275183299830651e-006	1.974828e-002	0.000000e+000
6.294714549830651e-006	2.131358e-002	0.000000e+000
6.314245799830651e-006	2.312224e-002	0.000000e+000
6.333777049830651e-006	2.523259e-002	0.000000e+000
6.353308299830651e-006	2.772157e-002	0.000000e+000
6.372839549830651e-006	3.069158e-002	0.000000e+000
6.392370799830651e-006	3.427961e-002	0.000000e+000
6.411902049830651e-006	3.866853e-002	0.000000e+000
6.431433299830651e-006	4.409881e-002	0.000000e+000
6.450964549830651e-006	5.087569e-002	0.000000e+000
6.470495799830650e-006	5.936184e-002	0.000000e+000
6.490027049830650e-006	6.994293e-002	0.000000e+000
6.509558299830650e-006	8.296011e-002	0.000000e+000
6.529089549830651e-006	9.862590e-002	0.000000e+000
6.548620799830651e-006	1.169597e-001	0.000000e+000
6.568152049830651e-006	1.377771e-001	0.000000e+000
6.587683299830651e-006	1.607324e-001	0.000000e+000
6.607214549830651e-006	1.853867e-001	0.000000e+000
6.626745799830651e-006	2.112674e-001	0.000000e+000
6.646277049830651e-006	2.379048e-001	0.000000e+000
6.665808299830651e-006	2.648478e-001	0.000000e+000
6.685339549830651e-006	2.916627e-001	0.000000e+000
6.704870799830651e-006	3.179191e-001	0.000000e+000
6.724402049830651e-006	3.431518e-001	0.000000e+000
6.743933299830651e-006	3.667405e-001	0.000000e+000
6.763464549830651e-006	3.879532e-001	0.000000e+000
6.775919478667361e-006	3.991801e-001	0.000000e+000
6.782237790993815e-006	4.029458e-001	0.000000e+000
6.785181262972561e-006	4.035974e-001	0.000000e+000
6.786860602318235e-006	4.036008e-001	0.000000e+000
6.787757712549058e-006	4.035682e-001	0.000000e+000
6.789023373983463e-006	4.035223e-001	0.000000e+000
6.790109781429151e-006	4.034848e-001	0.000000e+000
6.790982071632127e-006	4.034557e-001	0.000000e+000
6.792152330597723e-006	4.034181e-001	0.000000e+000
6.793085045287771e-006	4.033890e-001	0.000000e+000
6.794135549755856e-006	4.033570e-001	0.000000e+000
6.795110463484972e-006	4.033280e-001	0.000000e+000
6.796041740067383e-006	4.033010e-001	0.000000e+000
6.797169847176547e-006	4.032688e-001	0.000000e+000
6.798185777731413e-006	4.032407e-001	0.000000e+000
6.799582982131441e-006	4.032026e-001	0.000000e+000
6.800856715695889e-006	4.031691e-001	0.000000e+000
6.802864316059589e-006	4.031177e-001	0.000000e+000
6.804746037031933e-006	4.030718e-001	0.000000e+000
6.808509478976622e-006	4.029845e-001	0.000000e+000
6.812138619073639e-006	4.029068e-001	0.000000e+000
6.819396899267672e-006	4.027681e-001	0.000000e+000
6.829486945743349e-006	4.026075e-001	0.000000e+000
6.849018195743349e-006	4.023672e-001	0.000000e+000
6.868549445743349e-006	4.021925e-001	0.000000e+000
6.888080695743350e-006	4.020730e-001	0.000000e+000
6.907611945743350e-006	4.019912e-001	0.000000e+000
6.927143195743350e-006	4.019351e-001	0.000000e+000
6.946674445743350e-006	4.018965e-001	0.000000e+000
6.966205695743350e-006	4.018699e-001	0.000000e+000
6.985736945743350e-006	4.018514e-001	0.000000e+000
7.005268195743350e-006	4.018386e-001	0.000000e+000
7.024799445743350e-006	4.018295e-001	0.000000e+000
7.044330695743350e-006	4.018230e-001	0.000000e+000
7.063861945743350e-006	4.018184e-001	0.000000e+000
7.083393195743350e-006	4.018149e-001	0.000000e+000
7.102924445743349e-006	4.018122e-001	0.000000e+000
7.122455695743349e-006	4.018101e-001	0.000000e+000
7.141986945743349e-006	4.018084e-001	0.000000e+000
7.161518195743349e-006	4.018070e-001	0.000000e+000
7.181049445743349e-006	4.018057e-001	0.000000e+000
7.200580695743349e-006	4.018046e-001	0.000000e+000
7.220111945743350e-006	4.018035e-001	0.000000e+000
7.239643195743350e-006	4.018025e-001	0.000000e+000
7.259174445743350e-006	4.018016e-001	0.000000e+000
7.298236945743350e-006	4.017997e-001	0.000000e+000
7.334509267171921e-006	4.017981e-001	0.000000e+000
7.370781588600493e-006	4.017964e-001	0.000000e+000
7.407053910029064e-006	4.017948e-001	0.000000e+000
7.443326231457635e-006	4.017931e-001	0.000000e+000
7.479598552886207e-006	4.017915e-001	0.000000e+000
7.515870874314778e-006	4.017898e-001	0.000000e+000
7.552143195743350e-006	4.017882e-001	0.000000e+000
9.954486945743349e-006	4.016804e-001	0.000000e+000
9.974018195743350e-006	4.016795e-001	0.000000e+000
9.980468750000000e-006	4.016792e-001	0.000000e+000
9.987098891486699e-006	4.016789e-001	0.000000e+000
9.989999999999999e-006	4.016788e-001	0.000000e+000
9.994197782973399e-006	4.016785e-001	0.000000e+000
1.000000000000000e-005	4.016629e-001	0.000000e+000
1.000001276469429e-005	4.017571e-001	1.276469e-002
1.000003829408287e-005	4.019827e-001	3.829408e-002
1.000006409953299e-005	4.022396e-001	6.409954e-002
1.000009052025005e-005	4.025084e-001	9.052025e-002
1.000014336168418e-005	4.030332e-001	1.433617e-001
1.000024904455243e-005	4.040515e-001	2.490446e-001
1.000046041028894e-005	4.060137e-001	4.604103e-001
1.000088314176194e-005	4.098613e-001	8.831418e-001
1.000133226682073e-005	4.140023e-001	1.332267e+000
1.000175372280591e-005	4.180742e-001	1.753723e+000
1.000217431317892e-005	4.225838e-001	2.174313e+000
1.000266483360525e-005	4.330992e-001	2.664834e+000
1.000305672231896e-005	4.551176e-001	3.056722e+000
1.000350961474493e-005	5.019228e-001	3.509615e+000
1.000404706754388e-005	5.813946e-001	4.047068e+000
1.000470333875453e-005	7.081999e-001	4.703339e+000
1.000533310353427e-005	8.686506e-001	5.333104e+000
1.000653840941422e-005	1.278028e+000	6.538409e+000
1.000810548873528e-005	1.984577e+000	8.105489e+000
1.001000000000000e-005	3.022384e+000	1.000000e+001
1.001018945112647e-005	3.145747e+000	1.000000e+001
1.001056835337942e-005	3.394305e+000	1.000000e+001
1.001132615788530e-005	3.896772e+000	1.000000e+001
1.001231577522794e-005	4.555911e+000	1.000000e+001
1.001343764999113e-005	5.291951e+000	1.000000e+001
1.001434704284345e-005	5.831458e+000	1.000000e+001
1.001507212316352e-005	6.124857e+000	1.000000e+001
1.001608269366906e-005	6.313607e+000	1.000000e+001
1.001665435175206e-005	6.347328e+000	1.000000e+001
1.001730974094713e-005	6.353454e+000	1.000000e+001
1.001801969195210e-005	6.359862e+000	1.000000e+001
1.001873025931280e-005	6.376020e+000	1.000000e+001
1.001956265873771e-005	6.407363e+000	1.000000e+001
1.002044901452608e-005	6.445886e+000	1.000000e+001
1.002174016125731e-005	6.501323e+000	1.000000e+001
1.002350272236521e-005	6.579559e+000	1.000000e+001
1.002578078943170e-005	6.725655e+000	1.000000e+001
1.002641025020852e-005	6.818855e+000	1.000000e+001
1.002663316607753e-005	6.875748e+000	1.000000e+001
1.002675991264418e-005	6.913112e+000	1.000000e+001
1.002693417501819e-005	6.964467e+000	1.000000e+001
1.002720586137861e-005	7.044719e+000	1.000000e+001
1.002748143379895e-005	7.126024e+000	1.000000e+001
1.002783110030144e-005	7.228653e+000	1.000000e+001
1.002819582032656e-005	7.334660e+000	1.000000e+001
1.002862315828585e-005	7.457187e+000	1.000000e+001
1.002908249457982e-005	7.586639e+000	1.000000e+001
1.002960605224598e-005	7.731159e+000	1.000000e+001
1.003017898620014e-005	7.885559e+000	1.000000e+001
1.003079400695883e-005	8.046836e+000	1.000000e+001
1.003146429436406e-005	8.217379e+000	1.000000e+001
1.003216378219962e-005	8.389546e+000	1.000000e+001
1.003292499815463e-005	8.570351e+000	1.000000e+001
1.003368357378119e-005	8.743653e+000	1.000000e+001
1.003456399194543e-005	8.936589e+000	1.000000e+001
1.003541506519019e-005	9.114841e+000	1.000000e+001
1.003639168952097e-005	9.309460e+000	1.000000e+001
1.003740135949050e-005	9.499941e+000	1.000000e+001
1.003854718386573e-005	9.703037e+000	1.000000e+001
1.003979324524886e-005	9.908456e+000	1.000000e+001
1.004125807581745e-005	1.012971e+001	1.000000e+001
1.004292417835292e-005	1.035477e+001	1.000000e+001
1.004501524372286e-005	1.059718e+001	1.000000e+001
1.004754341321804e-005	1.082720e+001	1.000000e+001
1.005106085092991e-005	1.102360e+001	1.000000e+001
1.005566178967532e-005	1.108379e+001	1.000000e+001
1.005923189548917e-005	1.098551e+001	1.000000e+001
1.006079586555037e-005	1.090652e+001	1.000000e+001
1.006158464863699e-005	1.087660e+001	1.000000e+001
1.006201504719385e-005	1.087362e+001	1.000000e+001
1.006242357926213e-005	1.087582e+001	1.000000e+001
1.006261770410571e-005	1.087665e+001	1.000000e+001
1.006274358056227e-005	1.087702e+001	1.000000e+001
1.006282230342421e-005	1.087731e+001	1.000000e+001
1.006288197999460e-005	1.087750e+001	1.000000e+001
1.006293162868047e-005	1.087763e+001	1.000000e+001
1.006298283449832e-005	1.087780e+001	1.000000e+001
1.006302965826352e-005	1.087792e+001	1.000000e+001
1.006308075039162e-005	1.087806e+001	1.000000e+001
1.006313593848851e-005	1.087820e+001	1.000000e+001
1.006327601807152e-005	1.087855e+001	1.000000e+001
1.006337107694157e-005	1.087877e+001	1.000000e+001
1.006349489728444e-005	1.087903e+001	1.000000e+001
1.006365875829637e-005	1.087932e+001	1.000000e+001
1.006388050866860e-005	1.087954e+001	1.000000e+001
1.006418683810644e-005	1.087949e+001	1.000000e+001
1.006460799379150e-005	1.087918e+001	1.000000e+001
1.006514291370839e-005	1.087882e+001	1.000000e+001
1.006577724893049e-005	1.087842e+001	1.000000e+001
1.006650405075453e-005	1.087796e+001	1.000000e+001
1.006748939180785e-005	1.087732e+001	1.000000e+001
1.006911446859933e-005	1.087623e+001	1.000000e+001
1.007117441398511e-005	1.087484e+001	1.000000e+001
1.007437752311506e-005	1.087268e+001	1.000000e+001
1.007974656238124e-005	1.086909e+001	1.000000e+001
1.008946619339577e-005	1.086267e+001	1.000000e+001
1.010513868830449e-005	1.085249e+001	1.000000e+001
1.012466993830449e-005	1.084002e+001	1.000000e+001
1.014420118830449e-005	1.082775e+001	1.000000e+001
1.016373243830449e-005	1.081567e+001	1.000000e+001
1.018326368830449e-005	1.080380e+001	1.000000e+001
1.020279493830449e-005	1.079214e+001	1.000000e+001
1.022232618830449e-005	1.078073e+001	1.000000e+001
1.024185743830449e-005	1.076958e+001	1.000000e+001
1.026138868830449e-005	1.075872e+001	1.000000e+001
1.028091993830449e-005	1.074817e+001	1.000000e+001
1.030045118830449e-005	1.073796e+001	1.000000e+001
1.031998243830449e-005	1.072808e+001	1.000000e+001
1.033951368830449e-005	1.071858e+001	1.000000e+001
1.035904493830449e-005	1.070944e+001	1.000000e+001
1.037857618830449e-005	1.070069e+001	1.000000e+001
1.039810743830449e-005	1.069234e+001	1.000000e+001
1.041763868830449e-005	1.068438e+001	1.000000e+001
1.043716993830449e-005	1.067683e+001	1.000000e+001
1.045670118830449e-005	1.066968e+001	1.000000e+001
1.047623243830449e-005	1.066294e+001	1.000000e+001
1.049576368830449e-005	1.065659e+001	1.000000e+001
1.051529493830449e-005	1.065064e+001	1.000000e+001
1.053482618830449e-005	1.064508e+001	1.000000e+001
1.055435743830449e-005	1.063990e+001	1.000000e+001
1.057388868830449e-005	1.063509e+001	1.000000e+001
1.059341993830449e-005	1.063065e+001	1.000000e+001
1.061295118830449e-005	1.062656e+001	1.000000e+001
1.063248243830449e-005	1.062280e+001	1.000000e+001
1.065201368830449e-005	1.061937e+001	1.000000e+001
1.067154493830449e-005	1.061626e+001	1.000000e+001
1.069107618830449e-005	1.061343e+001	1.000000e+001
1.071060743830449e-005	1.061089e+001	1.000000e+001
1.073013868830449e-005	1.060861e+001	1.000000e+001
1.074966993830449e-005	1.060658e+001	1.000000e+001
1.076920118830449e-005	1.060478e+001	1.000000e+001
1.078873243830449e-005	1.060320e+001	1.000000e+001
1.080826368830449e-005	1.060181e+001	1.000000e+001
1.082779493830449e-005	1.060060e+001	1.000000e+001
1.084732618830449e-005	1.059955e+001	1.000000e+001
1.086685743830449e-005	1.059866e+001	1.000000e+001
1.088638868830449e-005	1.059789e+001	1.000000e+001
1.090591993830449e-005	1.059724e+001	1.000000e+001
1.092545118830449e-005	1.059668e+001	1.000000e+001
1.094498243830449e-005	1.059621e+001	1.000000e+001
1.096451368830449e-005	1.059581e+001	1.000000e+001
1.098404493830449e-005	1.059547e+001	1.000000e+001
1.100357618830449e-005	1.059517e+001	1.000000e+001
1.102310743830449e-005	1.059490e+001	1.000000e+001
1.104263868830449e-005	1.059466e+001	1.000000e+001
1.106216993830449e-005	1.059443e+001	1.000000e+001
1.108170118830449e-005	1.059420e+001	1.000000e+001
1.110123243830449e-005	1.059397e+001	1.000000e+001
1.112076368830449e-005	1.059373e+001	1.000000e+001
1.114029493830449e-005	1.059348e+001	1.000000e+001
1.115982618830449e-005	1.059321e+001	1.000000e+001
1.117935743830449e-005	1.059292e+001	1.000000e+001
1.119888868830449e-005	1.059262e+001	1.000000e+001
1.121841993830449e-005	1.059230e+001	1.000000e+001
1.123795118830449e-005	1.059196e+001	1.000000e+001
1.125748243830449e-005	1.059161e+001	1.000000e+001
1.127701368830449e-005	1.059124e+001	1.000000e+001
1.129654493830449e-005	1.059086e+001	1.000000e+001
1.131607618830449e-005	1.059047e+001	1.000000e+001
1.133560743830449e-005	1.059007e+001	1.000000e+001
1.135513868830449e-005	1.058967e+001	1.000000e+001
1.137466993830449e-005	1.058926e+001	1.000000e+001
1.139420118830449e-005	1.058885e+001	1.000000e+001
1.141373243830449e-005	1.058844e+001	1.000000e+001
1.143326368830449e-005	1.058803e+001	1.000000e+001
1.145279493830449e-005	1.058762e+001	1.000000e+001
1.147232618830449e-005	1.058722e+001	1.000000e+001
1.149185743830449e-005	1.058681e+001	1.000000e+001
1.151138868830449e-005	1.058641e+001	1.000000e+001
1.153091993830449e-005	1.058601e+001	1.000000e+001
1.155045118830449e-005	1.058562e+001	1.000000e+001
1.156998243830449e-005	1.058522e+001	1.000000e+001
1.158951368830449e-005	1.058484e+001	1.000000e+001
1.160904493830449e-005	1.058445e+001	1.000000e+001
1.162857618830449e-005	1.058408e+001	1.000000e+001
1.164810743830449e-005	1.058370e+001	1.000000e+001
1.166763868830449e-005	1.058333e+001	1.000000e+001
1.168716993830449e-005	1.058297e+001	1.000000e+001
1.172623243830449e-005	1.058225e+001	1.000000e+001
1.176529493830449e-005	1.058154e+001	1.000000e+001
1.182388868830449e-005	1.058052e+001	1.000000e+001
1.187132172401877e-005	1.057972e+001	1.000000e+001
1.191875475973306e-005	1.057894e+001	1.000000e+001
1.196618779544735e-005	1.057817e+001	1.000000e+001
1.201362083116163e-005	1.057743e+001	1.000000e+001
1.206105386687592e-005	1.057670e+001	1.000000e+001
1.210848690259020e-005	1.057599e+001	1.000000e+001
1.215591993830449e-005	1.057530e+001	1.000000e+001
1.224799583116163e-005	1.057401e+001	1.000000e+001
1.234007172401877e-005	1.057277e+001	1.000000e+001
1.243214761687592e-005	1.057157e+001	1.000000e+001
1.252422350973306e-005	1.057042e+001	1.000000e+001
1.261629940259020e-005	1.056932e+001	1.000000e+001
1.270837529544735e-005	1.056826e+001	1.000000e+001
1.280045118830449e-005	1.056724e+001	1.000000e+001
1.295391100973306e-005	1.056563e+001	1.000000e+001
1.310737083116163e-005	1.056410e+001	1.000000e+001
1.326083065259020e-005	1.056263e+001	1.000000e+001
1.341429047401877e-005	1.056123e+001	1.000000e+001
1.356775029544735e-005	1.055990e+001	1.000000e+001
1.372121011687592e-005	1.055863e+001	1.000000e+001
1.387466993830449e-005	1.055744e+001	1.000000e+001
1.403091993830449e-005	1.055627e+001	1.000000e+001
1.418716993830449e-005	1.055514e+001	1.000000e+001
1.434341993830449e-005	1.055405e+001	1.000000e+001
1.449966993830449e-005	1.055300e+001	1.000000e+001
1.465591993830449e-005	1.055199e+001	1.000000e+001
1.481216993830449e-005	1.055102e+001	1.000000e+001
1.496841993830449e-005	1.055009e+001	1.000000e+001
1.498795118830449e-005	1.054997e+001	1.000000e+001
1.499046875000000e-005	1.054996e+001	1.000000e+001
1.499550387339102e-005	1.054993e+001	1.000000e+001
1.499992975321795e-005	1.054990e+001	1.000000e+001
1.500114824034614e-005	1.054989e+001	1.000000e+001
1.500358521460252e-005	1.054988e+001	1.000000e+001
1.500512605148725e-005	1.054987e+001	1.000000e+001
1.500691832623053e-005	1.054986e+001	1.000000e+001
1.501000000000000e-005	1.054985e+001	1.000000e+001
1.501009562050391e-005	1.054847e+001	9.904380e+000
1.501028686151173e-005	1.054551e+001	9.713139e+000
1.501066934352737e-005	1.053922e+001	9.330656e+000
1.501103123087593e-005	1.053288e+001	8.968769e+000
1.501167599406233e-005	1.052072e+001	8.324006e+000
1.501240928706694e-005	1.050540e+001	7.590713e+000
1.501387587307615e-005	1.046970e+001	6.124127e+000
1.501664152863511e-005	1.038826e+001	3.358471e+000
1.502000000000000e-005	1.027375e+001	0.000000e+000
1.502033584713649e-005	1.026545e+001	0.000000e+000
1.502100754140947e-005	1.024911e+001	0.000000e+000
1.502235092995542e-005	1.021665e+001	0.000000e+000
1.502389228796303e-005	1.017939e+001	0.000000e+000
1.502591481089368e-005	1.013037e+001	0.000000e+000
1.502995985675497e-005	1.003193e+001	0.000000e+000
1.503804994847756e-005	9.833681e+000	0.000000e+000
1.505423013192273e-005	9.433511e+000	0.000000e+000
1.507376138192272e-005	8.945897e+000	0.000000e+000
1.509329263192273e-005	8.454718e+000	0.000000e+000
1.511282388192272e-005	7.962011e+000	0.000000e+000
1.513235513192272e-005	7.470019e+000	0.000000e+000
1.515188638192272e-005	6.980849e+000	0.000000e+000
1.517141763192272e-005	6.496469e+000	0.000000e+000
1.519094888192272e-005	6.018707e+000	0.000000e+000
1.521048013192272e-005	5.549269e+000	0.000000e+000
1.523001138192272e-005	5.089216e+000	0.000000e+000
1.524592658899437e-005	4.722031e+000	0.000000e+000
1.525661135392932e-005	4.480310e+000	0.000000e+000
1.526421412455377e-005	4.311273e+000	0.000000e+000
1.526991491311965e-005	4.186551e+000	0.000000e+000
1.527448958457661e-005	4.088243e+000	0.000000e+000
1.527830255526848e-005	4.008231e+000	0.000000e+000
1.528155794341664e-005	3.942328e+000	0.000000e+000
1.528425675854454e-005	3.890773e+000	0.000000e+000
1.528631675365053e-005	3.855560e+000	0.000000e+000
1.528833629848321e-005	3.827198e+000	0.000000e+000
1.529043124637843e-005	3.804714e+000	0.000000e+000
1.529300714067034e-005	3.783745e+000	0.000000e+000
1.529591736382719e-005	3.765353e+000	0.000000e+000
1.530027596870204e-005	3.743879e+000	0.000000e+000
1.530661408899797e-005	3.719365e+000	0.000000e+000
1.531673746892167e-005	3.687453e+000	0.000000e+000
1.533281914055753e-005	3.639743e+000	0.000000e+000
1.535235039055753e-005	3.572695e+000	0.000000e+000
1.537188164055753e-005	3.480801e+000	0.000000e+000
1.539141289055752e-005	3.336066e+000	0.000000e+000
1.541094414055753e-005	3.090737e+000	0.000000e+000
1.542992182461387e-005	2.721550e+000	0.000000e+000
1.544945307461387e-005	2.232234e+000	0.000000e+000
1.546898432461387e-005	1.691169e+000	0.000000e+000
1.548851557461387e-005	1.141652e+000	0.000000e+000
1.550804682461387e-005	6.076416e-001	0.000000e+000
1.552357577616924e-005	2.135284e-001	0.000000e+000
1.553059459171508e-005	7.372979e-002	0.000000e+000
1.553422010220764e-005	3.398628e-002	0.000000e+000
1.553700994290419e-005	2.141784e-002	0.000000e+000
1.553909528001075e-005	1.678080e-002	0.000000e+000
1.554129967868621e-005	1.401871e-002	0.000000e+000
1.554372563190310e-005	1.214895e-002	0.000000e+000
1.554626140602696e-005	1.097507e-002	0.000000e+000
1.554926148359858e-005	1.013012e-002	0.000000e+000
1.555247220489608e-005	9.573884e-003	0.000000e+000
1.555667610779519e-005	9.100106e-003	0.000000e+000
1.556143002622869e-005	8.721468e-003	0.000000e+000
1.556840789544691e-005	8.292293e-003	0.000000e+000
1.557700416772827e-005	7.867860e-003	0.000000e+000
1.559235258109727e-005	7.277249e-003	0.000000e+000
1.561188383109727e-005	6.727854e-003	0.000000e+000
1.563141508109727e-005	6.363799e-003	0.000000e+000
1.565094633109727e-005	6.146825e-003	0.000000e+000
1.567047758109727e-005	6.036927e-003	0.000000e+000
1.569000883109727e-005	6.005493e-003	0.000000e+000
1.570954008109727e-005	6.032192e-003	0.000000e+000
1.572907133109727e-005	6.102742e-003	0.000000e+000
1.574860258109727e-005	6.207158e-003	0.000000e+000
1.576813383109727e-005	6.338594e-003	0.000000e+000
1.578766508109727e-005	6.492402e-003	0.000000e+000
1.580719633109727e-005	6.665579e-003	0.000000e+000
1.582672758109727e-005	6.856258e-003	0.000000e+000
1.584625883109727e-005	7.063467e-003	0.000000e+000
1.586579008109727e-005	7.286856e-003	0.000000e+000
1.588532133109727e-005	7.526609e-003	0.000000e+000
1.590485258109727e-005	7.783292e-003	0.000000e+000
1.592438383109727e-005	8.057847e-003	0.000000e+000
1.594391508109727e-005	8.351509e-003	0.000000e+000
1.596344633109727e-005	8.665843e-003	0.000000e+000
1.598297758109727e-005	9.002705e-003	0.000000e+000
1.600250883109727e-005	9.364310e-003	0.000000e+000
1.602204008109727e-005	9.753222e-003	0.000000e+000
1.604157133109727e-005	1.017243e-002	0.000000e+000
1.606110258109727e-005	1.062544e-002	0.000000e+000
1.608063383109727e-005	1.111635e-002	0.000000e+000
1.610016508109727e-005	1.164993e-002	0.000000e+000
1.611969633109727e-005	1.223184e-002	0.000000e+000
1.613922758109727e-005	1.286874e-002	0.000000e+000
1.615875883109727e-005	1.356862e-002	0.000000e+000
1.617829008109727e-005	1.434104e-002	0.000000e+000
1.619782133109727e-005	1.519762e-002	0.000000e+000
1.621735258109727e-005	1.615252e-002	0.000000e+000
1.623688383109727e-005	1.722326e-002	0.000000e+000
1.625641508109727e-005	1.843162e-002	0.000000e+000
1.627594633109727e-005	1.980507e-002	0.000000e+000
1.629547758109727e-005	2.137858e-002	0.000000e+000
1.631500883109727e-005	2.319766e-002	0.000000e+000
1.633454008109727e-005	2.532110e-002	0.000000e+000
1.635407133109727e-005	2.782633e-002	0.000000e+000
1.637360258109727e-005	3.081760e-002	0.000000e+000
1.639313383109727e-005	3.443359e-002	0.000000e+000
1.641266508109727e-005	3.885851e-002	0.000000e+000
1.643219633109727e-005	4.433518e-002	0.000000e+000
1.645172758109727e-005	5.117157e-002	0.000000e+000
1.647125883109727e-005	5.973212e-002	0.000000e+000
1.649079008109727e-005	7.040224e-002	0.000000e+000
1.651032133109727e-005	8.351968e-002	0.000000e+000
1.652985258109727e-005	9.929036e-002	0.000000e+000
1.654938383109727e-005	1.177256e-001	0.000000e+000
1.656891508109727e-005	1.386334e-001	0.000000e+000
1.658844633109727e-005	1.616635e-001	0.000000e+000
1.660797758109727e-005	1.863745e-001	0.000000e+000
1.662750883109727e-005	2.122933e-001	0.000000e+000
1.664704008109727e-005	2.389510e-001	0.000000e+000
1.666657133109727e-005	2.658969e-001	0.000000e+000
1.668610258109727e-005	2.926983e-001	0.000000e+000
1.670563383109727e-005	3.189240e-001	0.000000e+000
1.672516508109727e-005	3.441060e-001	0.000000e+000
1.674469633109727e-005	3.676129e-001	0.000000e+000
1.676422758109727e-005	3.887377e-001	0.000000e+000
1.677599889590666e-005	3.992901e-001	0.000000e+000
1.678220341480908e-005	4.029829e-001	0.000000e+000
1.678510222210693e-005	4.036351e-001	0.000000e+000
1.678681739094804e-005	4.036416e-001	0.000000e+000
1.678769213375834e-005	4.036101e-001	0.000000e+000
1.678896230311727e-005	4.035635e-001	0.000000e+000
1.679008211701374e-005	4.035249e-001	0.000000e+000
1.679095982801967e-005	4.034956e-001	0.000000e+000
1.679215065258799e-005	4.034574e-001	0.000000e+000
1.679313020000491e-005	4.034267e-001	0.000000e+000
1.679419229544634e-005	4.033943e-001	0.000000e+000
1.679514643957571e-005	4.033660e-001	0.000000e+000
1.679609575705825e-005	4.033384e-001	0.000000e+000
1.679722040251658e-005	4.033064e-001	0.000000e+000
1.679824225787561e-005	4.032780e-001	0.000000e+000
1.679963671223760e-005	4.032401e-001	0.000000e+000
1.680091711651776e-005	4.032065e-001	0.000000e+000
1.680292637555085e-005	4.031551e-001	0.000000e+000
1.680481735285562e-005	4.031090e-001	0.000000e+000
1.680859930746517e-005	4.030213e-001	0.000000e+000
1.681224147191534e-005	4.029434e-001	0.000000e+000
1.681952580081568e-005	4.028046e-001	0.000000e+000
1.682973949042898e-005	4.026425e-001	0.000000e+000
1.684927074042898e-005	4.024030e-001	0.000000e+000
1.686880199042898e-005	4.022290e-001	0.000000e+000
1.688833324042898e-005	4.021100e-001	0.000000e+000
1.690786449042898e-005	4.020286e-001	0.000000e+000
1.692739574042898e-005	4.019727e-001	0.000000e+000
1.694692699042898e-005	4.019342e-001	0.000000e+000
1.696645824042898e-005	4.019077e-001	0.000000e+000
1.698598949042898e-005	4.018894e-001	0.000000e+000
1.700552074042898e-005	4.018766e-001	0.000000e+000
1.702505199042898e-005	4.018675e-001	0.000000e+000
1.704458324042898e-005	4.018611e-001	0.000000e+000
1.706411449042898e-005	4.018564e-001	0.000000e+000
1.708364574042898e-005	4.018529e-001	0.000000e+000
1.710317699042898e-005	4.018503e-001	0.000000e+000
1.712270824042898e-005	4.018482e-001	0.000000e+000
1.714223949042898e-005	4.018465e-001	0.000000e+000
1.716177074042898e-005	4.018451e-001	0.000000e+000
1.718130199042898e-005	4.018438e-001	0.000000e+000
1.720083324042898e-005	4.018427e-001	0.000000e+000
1.722036449042898e-005	4.018416e-001	0.000000e+000
1.723989574042898e-005	4.018406e-001	0.000000e+000
1.725942699042898e-005	4.018396e-001	0.000000e+000
1.729848949042898e-005	4.018378e-001	0.000000e+000
1.733476181185755e-005	4.018361e-001	0.000000e+000
1.737103413328612e-005	4.018345e-001	0.000000e+000
1.740730645471469e-005	4.018328e-001	0.000000e+000
1.744357877614327e-005	4.018312e-001	0.000000e+000
1.747985109757184e-005	4.018295e-001	0.000000e+000
1.751612341900041e-005	4.018279e-001	0.000000e+000
1.755239574042898e-005	4.018263e-001	0.000000e+000
1.995473949042898e-005	4.017182e-001	0.000000e+000
1.997427074042898e-005	4.017174e-001	0.000000e+000
1.998046875000000e-005	4.017171e-001	0.000000e+000
1.998760398085796e-005	4.017169e-001	0.000000e+000
1.999000000000000e-005	4.017167e-001	0.000000e+000
1.999479203828408e-005	4.017164e-001	0.000000e+000
2.000000000000000e-005	4.017164e-001	0.000000e+000
