time	V(gate)	V(n002)
0.000000000000000e+000	3.917480e-003	0.000000e+000
1.953124890551744e-013	3.918302e-003	1.953125e-004
3.906249781103488e-013	3.919334e-003	3.906250e-004
7.812499562206976e-013	3.922193e-003	7.812500e-004
1.562499912441395e-012	3.930783e-003	1.562500e-003
3.124999824882790e-012	3.957655e-003	3.125000e-003
6.249999649765581e-012	4.039796e-003	6.250000e-003
1.249999929953116e-011	4.267422e-003	1.250000e-002
2.227075050845176e-011	4.700016e-003	2.227075e-002
3.278932788785757e-011	5.208104e-003	3.278933e-002
4.924992312588241e-011	6.011694e-003	4.924992e-002
7.690115451531354e-011	7.309712e-003	7.690115e-002
1.226448809295628e-010	9.316321e-003	1.226449e-001
1.803473586096741e-010	1.161560e-002	1.803474e-001
2.684096814688545e-010	1.472026e-002	2.684097e-001
3.824804157789236e-010	1.820577e-002	3.824804e-001
5.427149958220745e-010	2.242538e-002	5.427150e-001
7.364120560058071e-010	2.697933e-002	7.364120e-001
9.885037151420116e-010	3.626371e-002	9.885037e-001
1.298341275523180e-009	6.206687e-002	1.298341e+000
1.583558670145034e-009	1.048880e-001	1.583559e+000
1.841989322487826e-009	1.605274e-001	1.841989e+000
2.177622700956207e-009	2.544073e-001	2.177623e+000
2.631314413676643e-009	4.163695e-001	2.631315e+000
3.221645751786458e-009	6.858916e-001	3.221646e+000
4.015857353522927e-009	1.148870e+000	4.015857e+000
5.122161007736551e-009	1.957054e+000	5.122161e+000
6.581341134437380e-009	3.235327e+000	6.581341e+000
8.302172064943802e-009	4.920551e+000	8.302172e+000
1.000000000000000e-008	6.655268e+000	1.000000e+001
1.016978279350562e-008	6.795545e+000	1.000000e+001
1.050934838051686e-008	7.014500e+000	1.000000e+001
1.106974673853108e-008	7.236319e+000	1.000000e+001
1.156299430422204e-008	7.331638e+000	1.000000e+001
1.201326866914924e-008	7.367229e+000	1.000000e+001
1.250548948049395e-008	7.389090e+000	1.000000e+001
1.308442680265319e-008	7.419833e+000	1.000000e+001
1.364863564639324e-008	7.462451e+000	1.000000e+001
1.423751831265493e-008	7.512437e+000	1.000000e+001
1.502260754713755e-008	7.575224e+000	1.000000e+001
1.624091317002934e-008	7.662456e+000	1.000000e+001
1.774816508434864e-008	7.781794e+000	1.000000e+001
1.820204715017359e-008	7.851451e+000	1.000000e+001
1.838630292574563e-008	7.901231e+000	1.000000e+001
1.855465151106134e-008	7.957852e+000	1.000000e+001
1.871484656280114e-008	8.014448e+000	1.000000e+001
1.889503164222114e-008	8.079069e+000	1.000000e+001
1.913426059801568e-008	8.164635e+000	1.000000e+001
1.935751403735316e-008	8.243335e+000	1.000000e+001
1.966180120740078e-008	8.348116e+000	1.000000e+001
2.000276580408666e-008	8.461890e+000	1.000000e+001
2.041821716301844e-008	8.594994e+000	1.000000e+001
2.090352543020594e-008	8.743038e+000	1.000000e+001
2.144733790368577e-008	8.899420e+000	1.000000e+001
2.209528098080058e-008	9.073454e+000	1.000000e+001
2.278638710610706e-008	9.244880e+000	1.000000e+001
2.361060148012003e-008	9.431306e+000	1.000000e+001
2.449709249552102e-008	9.611546e+000	1.000000e+001
2.548467234814822e-008	9.788425e+000	1.000000e+001
2.658531285673358e-008	9.958199e+000	1.000000e+001
2.771240646858568e-008	1.010120e+001	1.000000e+001
2.921845483437218e-008	1.024842e+001	1.000000e+001
3.063729371173483e-008	1.033970e+001	1.000000e+001
3.252521109701964e-008	1.039534e+001	1.000000e+001
3.379016309062627e-008	1.038808e+001	1.000000e+001
3.505685796714491e-008	1.033139e+001	1.000000e+001
3.691633068021212e-008	1.018525e+001	1.000000e+001
3.840279386590740e-008	1.003484e+001	1.000000e+001
3.945094619754071e-008	9.921701e+000	1.000000e+001
3.989289369774207e-008	9.880714e+000	1.000000e+001
4.019374363275218e-008	9.867296e+000	1.000000e+001
4.037589922060407e-008	9.870008e+000	1.000000e+001
4.055143250606539e-008	9.876022e+000	1.000000e+001
4.068264440934579e-008	9.879381e+000	1.000000e+001
4.081878970180435e-008	9.881890e+000	1.000000e+001
4.094155886010037e-008	9.883530e+000	1.000000e+001
4.106537336401375e-008	9.884760e+000	1.000000e+001
4.119318494081030e-008	9.885662e+000	1.000000e+001
4.132606514209213e-008	9.886361e+000	1.000000e+001
4.147129787431755e-008	9.886881e+000	1.000000e+001
4.163149828659263e-008	9.887289e+000	1.000000e+001
4.181221550736880e-008	9.887578e+000	1.000000e+001
4.202156886982662e-008	9.887794e+000	1.000000e+001
4.226479816786046e-008	9.887932e+000	1.000000e+001
4.255562429980252e-008	9.888022e+000	1.000000e+001
4.290247777401828e-008	9.888069e+000	1.000000e+001
4.332565312981054e-008	9.888094e+000	1.000000e+001
4.384050384972502e-008	9.888103e+000	1.000000e+001
4.447676187890695e-008	9.888106e+000	1.000000e+001
4.526216253971471e-008	9.888105e+000	1.000000e+001
4.624018971316482e-008	9.888106e+000	1.000000e+001
4.745978060629014e-008	9.888105e+000	1.000000e+001
4.898601053373975e-008	9.888106e+000	1.000000e+001
5.111382162350561e-008	9.888106e+000	1.000000e+001
5.422191436274595e-008	9.888106e+000	1.000000e+001
5.919328690602126e-008	9.888105e+000	1.000000e+001
6.810734462093855e-008	9.888105e+000	1.000000e+001
8.593546005077315e-008	9.888106e+000	1.000000e+001
1.054667100507732e-007	9.888106e+000	1.000000e+001
4.968747960050773e-006	9.888106e+000	1.000000e+001
4.988279210050773e-006	9.888106e+000	1.000000e+001
4.990468750000000e-006	9.888106e+000	1.000000e+001
4.994847829898454e-006	9.888106e+000	1.000000e+001
5.001241840203093e-006	9.888106e+000	1.000000e+001
5.010000000000000e-006	9.888045e+000	1.000000e+001
5.010019267732245e-006	9.887195e+000	9.980732e+000
5.010057803196734e-006	9.885283e+000	9.942197e+000
5.010134874125712e-006	9.881535e+000	9.865126e+000
5.010216013864227e-006	9.878149e+000	9.783986e+000
5.010312100186790e-006	9.874863e+000	9.687900e+000
5.010411039488437e-006	9.872130e+000	9.588961e+000
5.010526635763482e-006	9.869625e+000	9.473364e+000
5.010675336561616e-006	9.867098e+000	9.324663e+000
5.010884406389207e-006	9.862799e+000	9.115594e+000
5.011017139309731e-006	9.857517e+000	8.982861e+000
5.011159624824370e-006	9.849694e+000	8.840375e+000
5.011307402570923e-006	9.841124e+000	8.692597e+000
5.011602958064029e-006	9.822645e+000	8.397042e+000
5.012126402663291e-006	9.787091e+000	7.873597e+000
5.012665124813683e-006	9.747149e+000	7.334875e+000
5.013620047203772e-006	9.668462e+000	6.379953e+000
5.015102900513832e-006	9.530087e+000	4.897099e+000
5.017045903787623e-006	9.317952e+000	2.954096e+000
5.020000000000000e-006	8.954927e+000	0.000000e+000
5.020015764634412e-006	8.953642e+000	0.000000e+000
5.020047293903235e-006	8.951325e+000	0.000000e+000
5.020110352440882e-006	8.946940e+000	0.000000e+000
5.020167193819531e-006	8.942877e+000	0.000000e+000
5.020234151533552e-006	8.937901e+000	0.000000e+000
5.020350320427541e-006	8.929048e+000	0.000000e+000
5.020530358988220e-006	8.915089e+000	0.000000e+000
5.020890436109577e-006	8.886951e+000	0.000000e+000
5.021294697724672e-006	8.855356e+000	0.000000e+000
5.022103220954859e-006	8.792423e+000	0.000000e+000
5.023720267415237e-006	8.667649e+000	0.000000e+000
5.026954360335990e-006	8.422460e+000	0.000000e+000
5.033422546177496e-006	7.949261e+000	0.000000e+000
5.046358917860509e-006	7.052217e+000	0.000000e+000
5.059287702789598e-006	6.210970e+000	0.000000e+000
5.067828084414769e-006	5.690509e+000	0.000000e+000
5.073991194778050e-006	5.334752e+000	0.000000e+000
5.083068198422480e-006	4.838799e+000	0.000000e+000
5.087091812714907e-006	4.629299e+000	0.000000e+000
5.091135802637628e-006	4.424460e+000	0.000000e+000
5.094632585408777e-006	4.251873e+000	0.000000e+000
5.097566931934734e-006	4.110394e+000	0.000000e+000
5.099948803208924e-006	3.997838e+000	0.000000e+000
5.101931738058229e-006	3.905754e+000	0.000000e+000
5.103653800737975e-006	3.827041e+000	0.000000e+000
5.105250671954686e-006	3.755220e+000	0.000000e+000
5.106974376677713e-006	3.679059e+000	0.000000e+000
5.108566354577650e-006	3.610239e+000	0.000000e+000
5.110338466599424e-006	3.535724e+000	0.000000e+000
5.112163990889341e-006	3.461554e+000	0.000000e+000
5.114732153770363e-006	3.361010e+000	0.000000e+000
5.117799356806758e-006	3.245261e+000	0.000000e+000
5.121195926233689e-006	3.123201e+000	0.000000e+000
5.127989065087552e-006	2.898064e+000	0.000000e+000
5.141575342795280e-006	2.499836e+000	0.000000e+000
5.158269251613329e-006	2.087868e+000	0.000000e+000
5.177800501613329e-006	1.691171e+000	0.000000e+000
5.197331751613328e-006	1.339312e+000	0.000000e+000
5.210172261609739e-006	1.099582e+000	0.000000e+000
5.222682641101380e-006	8.418890e-001	0.000000e+000
5.235245418277396e-006	5.770937e-001	0.000000e+000
5.249704131551516e-006	2.944687e-001	0.000000e+000
5.260401587406514e-006	1.237033e-001	0.000000e+000
5.266277830221261e-006	6.571157e-002	0.000000e+000
5.271059426398237e-006	4.515010e-002	0.000000e+000
5.275107402880766e-006	3.809557e-002	0.000000e+000
5.278639675872904e-006	3.520826e-002	0.000000e+000
5.282721148438977e-006	3.334377e-002	0.000000e+000
5.287509730722332e-006	3.196092e-002	0.000000e+000
5.294182132413278e-006	3.060954e-002	0.000000e+000
5.302397708308196e-006	2.935109e-002	0.000000e+000
5.315556143781700e-006	2.781911e-002	0.000000e+000
5.334302420470444e-006	2.628148e-002	0.000000e+000
5.353833670470444e-006	2.534740e-002	0.000000e+000
5.373364920470444e-006	2.503541e-002	0.000000e+000
5.392896170470443e-006	2.525973e-002	0.000000e+000
5.412427420470443e-006	2.596125e-002	0.000000e+000
5.431958670470443e-006	2.711391e-002	0.000000e+000
5.451489920470443e-006	2.872855e-002	0.000000e+000
5.471021170470443e-006	3.085460e-002	0.000000e+000
5.490552420470443e-006	3.359390e-002	0.000000e+000
5.510083670470443e-006	3.711798e-002	0.000000e+000
5.529614920470443e-006	4.171168e-002	0.000000e+000
5.549146170470443e-006	4.783795e-002	0.000000e+000
5.568677420470443e-006	5.625497e-002	0.000000e+000
5.588208670470443e-006	6.813499e-002	0.000000e+000
5.607739920470443e-006	8.501390e-002	0.000000e+000
5.627271170470444e-006	1.082830e-001	0.000000e+000
5.646802420470444e-006	1.382988e-001	0.000000e+000
5.666333670470444e-006	1.739526e-001	0.000000e+000
5.685864920470444e-006	2.131511e-001	0.000000e+000
5.705396170470443e-006	2.536944e-001	0.000000e+000
5.724927420470443e-006	2.938259e-001	0.000000e+000
5.744458670470443e-006	3.323398e-001	0.000000e+000
5.763989920470443e-006	3.684870e-001	0.000000e+000
5.783521170470443e-006	4.018513e-001	0.000000e+000
5.803052420470443e-006	4.322482e-001	0.000000e+000
5.822583670470443e-006	4.596503e-001	0.000000e+000
5.842114920470443e-006	4.841332e-001	0.000000e+000
5.861646170470443e-006	5.058379e-001	0.000000e+000
5.881177420470443e-006	5.249437e-001	0.000000e+000
5.900708670470443e-006	5.416500e-001	0.000000e+000
5.920239920470443e-006	5.561631e-001	0.000000e+000
5.939771170470444e-006	5.686880e-001	0.000000e+000
5.959302420470444e-006	5.794227e-001	0.000000e+000
5.978833670470444e-006	5.885547e-001	0.000000e+000
5.998364920470444e-006	5.962592e-001	0.000000e+000
6.017896170470444e-006	6.026980e-001	0.000000e+000
6.037427420470443e-006	6.080193e-001	0.000000e+000
6.056958670470443e-006	6.123579e-001	0.000000e+000
6.076489920470443e-006	6.158359e-001	0.000000e+000
6.096021170470443e-006	6.185634e-001	0.000000e+000
6.115552420470443e-006	6.206391e-001	0.000000e+000
6.135083670470443e-006	6.221513e-001	0.000000e+000
6.154614920470443e-006	6.231788e-001	0.000000e+000
6.174146170470443e-006	6.237917e-001	0.000000e+000
6.193677420470443e-006	6.240518e-001	0.000000e+000
6.213208670470443e-006	6.240140e-001	0.000000e+000
6.232739920470443e-006	6.237262e-001	0.000000e+000
6.252271170470443e-006	6.232306e-001	0.000000e+000
6.271802420470444e-006	6.225638e-001	0.000000e+000
6.291333670470444e-006	6.217576e-001	0.000000e+000
6.310864920470444e-006	6.208394e-001	0.000000e+000
6.330396170470444e-006	6.198325e-001	0.000000e+000
6.349927420470443e-006	6.187569e-001	0.000000e+000
6.369458670470443e-006	6.176298e-001	0.000000e+000
6.388989920470443e-006	6.164650e-001	0.000000e+000
6.408521170470443e-006	6.152745e-001	0.000000e+000
6.428052420470443e-006	6.140682e-001	0.000000e+000
6.447583670470443e-006	6.128541e-001	0.000000e+000
6.467114920470443e-006	6.116388e-001	0.000000e+000
6.486646170470443e-006	6.104277e-001	0.000000e+000
6.506177420470443e-006	6.092250e-001	0.000000e+000
6.525708670470443e-006	6.080342e-001	0.000000e+000
6.545239920470443e-006	6.068580e-001	0.000000e+000
6.564771170470443e-006	6.056983e-001	0.000000e+000
6.584302420470444e-006	6.045567e-001	0.000000e+000
6.603833670470444e-006	6.034344e-001	0.000000e+000
6.623364920470444e-006	6.023324e-001	0.000000e+000
6.642896170470444e-006	6.012508e-001	0.000000e+000
6.662427420470444e-006	6.001903e-001	0.000000e+000
6.681958670470443e-006	5.991508e-001	0.000000e+000
6.701489920470443e-006	5.981324e-001	0.000000e+000
6.721021170470443e-006	5.971349e-001	0.000000e+000
6.740552420470443e-006	5.961581e-001	0.000000e+000
6.760083670470443e-006	5.952018e-001	0.000000e+000
6.779614920470443e-006	5.942656e-001	0.000000e+000
6.799146170470443e-006	5.933490e-001	0.000000e+000
6.818677420470443e-006	5.924518e-001	0.000000e+000
6.838208670470443e-006	5.915732e-001	0.000000e+000
6.857739920470443e-006	5.907131e-001	0.000000e+000
6.877271170470443e-006	5.898709e-001	0.000000e+000
6.896802420470443e-006	5.890461e-001	0.000000e+000
6.916333670470444e-006	5.882383e-001	0.000000e+000
6.935864920470444e-006	5.874469e-001	0.000000e+000
6.955396170470444e-006	5.866716e-001	0.000000e+000
6.974927420470444e-006	5.859118e-001	0.000000e+000
6.994458670470443e-006	5.851671e-001	0.000000e+000
7.013989920470443e-006	5.844370e-001	0.000000e+000
7.033521170470443e-006	5.837212e-001	0.000000e+000
7.053052420470443e-006	5.830191e-001	0.000000e+000
7.072583670470443e-006	5.823305e-001	0.000000e+000
7.092114920470443e-006	5.816549e-001	0.000000e+000
7.111646170470443e-006	5.809919e-001	0.000000e+000
7.131177420470443e-006	5.803411e-001	0.000000e+000
7.150708670470443e-006	5.797023e-001	0.000000e+000
7.170239920470443e-006	5.790749e-001	0.000000e+000
7.189771170470443e-006	5.784587e-001	0.000000e+000
7.209302420470443e-006	5.778534e-001	0.000000e+000
7.228833670470444e-006	5.772587e-001	0.000000e+000
7.248364920470444e-006	5.766742e-001	0.000000e+000
7.267896170470444e-006	5.760998e-001	0.000000e+000
7.287427420470444e-006	5.755349e-001	0.000000e+000
7.306958670470444e-006	5.749795e-001	0.000000e+000
7.326489920470443e-006	5.744332e-001	0.000000e+000
7.346021170470443e-006	5.738958e-001	0.000000e+000
7.365552420470443e-006	5.733670e-001	0.000000e+000
7.385083670470443e-006	5.728466e-001	0.000000e+000
7.404614920470443e-006	5.723344e-001	0.000000e+000
7.424146170470443e-006	5.718302e-001	0.000000e+000
7.443677420470443e-006	5.713336e-001	0.000000e+000
7.463208670470443e-006	5.708447e-001	0.000000e+000
7.482739920470443e-006	5.703630e-001	0.000000e+000
7.502271170470443e-006	5.698885e-001	0.000000e+000
7.521802420470443e-006	5.694210e-001	0.000000e+000
7.541333670470443e-006	5.689602e-001	0.000000e+000
7.560864920470444e-006	5.685061e-001	0.000000e+000
7.580396170470444e-006	5.680584e-001	0.000000e+000
7.599927420470444e-006	5.676169e-001	0.000000e+000
7.638989920470444e-006	5.667523e-001	0.000000e+000
7.678052420470444e-006	5.659109e-001	0.000000e+000
7.717114920470444e-006	5.650918e-001	0.000000e+000
7.775708670470443e-006	5.639025e-001	0.000000e+000
7.834302420470443e-006	5.627577e-001	0.000000e+000
7.884525634756157e-006	5.618129e-001	0.000000e+000
7.934748849041871e-006	5.608934e-001	0.000000e+000
7.984972063327586e-006	5.599991e-001	0.000000e+000
8.035195277613300e-006	5.591300e-001	0.000000e+000
8.085418491899015e-006	5.582860e-001	0.000000e+000
8.135641706184729e-006	5.574673e-001	0.000000e+000
8.185864920470443e-006	5.566737e-001	0.000000e+000
8.269570277613301e-006	5.554004e-001	0.000000e+000
8.353275634756157e-006	5.541717e-001	0.000000e+000
8.436980991899015e-006	5.529877e-001	0.000000e+000
8.520686349041872e-006	5.518484e-001	0.000000e+000
8.604391706184730e-006	5.507538e-001	0.000000e+000
8.688097063327586e-006	5.497038e-001	0.000000e+000
8.771802420470443e-006	5.486985e-001	0.000000e+000
8.914101527613300e-006	5.470728e-001	0.000000e+000
9.056400634756157e-006	5.455178e-001	0.000000e+000
9.198699741899016e-006	5.440337e-001	0.000000e+000
9.340998849041873e-006	5.426204e-001	0.000000e+000
9.483297956184730e-006	5.412780e-001	0.000000e+000
9.625597063327586e-006	5.400064e-001	0.000000e+000
9.767896170470443e-006	5.388057e-001	0.000000e+000
9.963208670470444e-006	5.372181e-001	0.000000e+000
9.980468750000000e-006	5.370820e-001	0.000000e+000
9.990468750000000e-006	5.370035e-001	0.000000e+000
1.000000000000000e-005	5.369059e-001	0.000000e+000
1.000002096899321e-005	5.378935e-001	2.096899e-002
1.000006290697962e-005	5.403858e-001	6.290698e-002
1.000010759946558e-005	5.434707e-001	1.075995e-001
1.000015177737025e-005	5.465881e-001	1.517774e-001
1.000019706574088e-005	5.496420e-001	1.970657e-001
1.000028764248212e-005	5.553393e-001	2.876425e-001
1.000039703085263e-005	5.612072e-001	3.970309e-001
1.000048650647866e-005	5.639387e-001	4.865065e-001
1.000055929107282e-005	5.634683e-001	5.592911e-001
1.000064085627033e-005	5.620921e-001	6.408563e-001
1.000073085632615e-005	5.624987e-001	7.308563e-001
1.000081955718211e-005	5.638074e-001	8.195572e-001
1.000091420284873e-005	5.651016e-001	9.142029e-001
1.000110349418195e-005	5.677046e-001	1.103494e+000
1.000139806397158e-005	5.722488e-001	1.398064e+000
1.000165749322424e-005	5.821027e-001	1.657493e+000
1.000188999982423e-005	6.048758e-001	1.890000e+000
1.000216909895280e-005	6.520659e-001	2.169099e+000
1.000249489788625e-005	7.312456e-001	2.494898e+000
1.000307675137591e-005	9.211418e-001	3.076751e+000
1.000363073911214e-005	1.166903e+000	3.630739e+000
1.000473871458460e-005	1.817716e+000	4.738715e+000
1.000585648246505e-005	2.649860e+000	5.856483e+000
1.000746184941540e-005	4.065592e+000	7.461849e+000
1.000830001301286e-005	4.871552e+000	8.300013e+000
1.000832367280507e-005	4.895251e+000	8.323673e+000
1.000837099238948e-005	4.943173e+000	8.370993e+000
1.000846563155830e-005	5.039382e+000	8.465631e+000
1.000865490989595e-005	5.232505e+000	8.654910e+000
1.000903346657125e-005	5.620160e+000	9.033466e+000
1.000924288664940e-005	5.835115e+000	9.242887e+000
1.000958115984370e-005	6.180322e+000	9.581160e+000
1.001000000000000e-005	6.602530e+000	1.000000e+001
1.001004188401563e-005	6.640072e+000	1.000000e+001
1.001012565204689e-005	6.711007e+000	1.000000e+001
1.001029318810941e-005	6.832079e+000	1.000000e+001
1.001062826023446e-005	7.014096e+000	1.000000e+001
1.001097986266808e-005	7.138166e+000	1.000000e+001
1.001142230649768e-005	7.226177e+000	1.000000e+001
1.001195471255544e-005	7.283883e+000	1.000000e+001
1.001246986616286e-005	7.317437e+000	1.000000e+001
1.001303536874534e-005	7.354624e+000	1.000000e+001
1.001359029615783e-005	7.402153e+000	1.000000e+001
1.001420056135066e-005	7.459685e+000	1.000000e+001
1.001496711491619e-005	7.527613e+000	1.000000e+001
1.001615916655751e-005	7.620636e+000	1.000000e+001
1.001750433431067e-005	7.721396e+000	1.000000e+001
1.001801194973699e-005	7.777666e+000	1.000000e+001
1.001828100803670e-005	7.831777e+000	1.000000e+001
1.001848437346000e-005	7.891192e+000	1.000000e+001
1.001863224128205e-005	7.941400e+000	1.000000e+001
1.001880960344996e-005	8.004595e+000	1.000000e+001
1.001898271251741e-005	8.066986e+000	1.000000e+001
1.001921174940414e-005	8.149190e+000	1.000000e+001
1.001946899336539e-005	8.239988e+000	1.000000e+001
1.001980962768174e-005	8.356963e+000	1.000000e+001
1.002022725053928e-005	8.495015e+000	1.000000e+001
1.002072628049116e-005	8.651896e+000	1.000000e+001
1.002133986161626e-005	8.833233e+000	1.000000e+001
1.002202417448132e-005	9.020560e+000	1.000000e+001
1.002290928855704e-005	9.241752e+000	1.000000e+001
1.002383507656529e-005	9.448331e+000	1.000000e+001
1.002509926737470e-005	9.694261e+000	1.000000e+001
1.002632335301464e-005	9.894630e+000	1.000000e+001
1.002789194140457e-005	1.009885e+001	1.000000e+001
1.002954159177440e-005	1.025446e+001	1.000000e+001
1.003143482497482e-005	1.036231e+001	1.000000e+001
1.003294317179211e-005	1.038931e+001	1.000000e+001
1.003460191164084e-005	1.035218e+001	1.000000e+001
1.003615855445153e-005	1.025879e+001	1.000000e+001
1.003753859196177e-005	1.013346e+001	1.000000e+001
1.003871819770514e-005	1.000764e+001	1.000000e+001
1.003959988423430e-005	9.912998e+000	1.000000e+001
1.004001699601707e-005	9.875120e+000	1.000000e+001
1.004030658258082e-005	9.862942e+000	1.000000e+001
1.004050076083460e-005	9.865911e+000	1.000000e+001
1.004072325640100e-005	9.873045e+000	1.000000e+001
1.004085839984399e-005	9.876082e+000	1.000000e+001
1.004103633297345e-005	9.878728e+000	1.000000e+001
1.004120027966056e-005	9.880334e+000	1.000000e+001
1.004139224476547e-005	9.881550e+000	1.000000e+001
1.004162092258509e-005	9.882411e+000	1.000000e+001
1.004184086222092e-005	9.882898e+000	1.000000e+001
1.004212565131298e-005	9.883214e+000	1.000000e+001
1.004243126206126e-005	9.883393e+000	1.000000e+001
1.004286910534781e-005	9.883487e+000	1.000000e+001
1.004334632983837e-005	9.883530e+000	1.000000e+001
1.004430077881949e-005	9.883540e+000	1.000000e+001
1.004517589015158e-005	9.883544e+000	1.000000e+001
1.004692611281576e-005	9.883540e+000	1.000000e+001
1.004962625396430e-005	9.883542e+000	1.000000e+001
1.005479346820688e-005	9.883541e+000	1.000000e+001
1.006410872025761e-005	9.883541e+000	1.000000e+001
1.008273922435905e-005	9.883541e+000	1.000000e+001
1.010227047435905e-005	9.883541e+000	1.000000e+001
1.496555172435905e-005	9.883541e+000	1.000000e+001
1.498508297435905e-005	9.883541e+000	1.000000e+001
1.499046875000000e-005	9.883541e+000	1.000000e+001
1.499922844871810e-005	9.883541e+000	1.000000e+001
1.501000000000000e-005	9.883740e+000	1.000000e+001
1.501002354327639e-005	9.882516e+000	9.976457e+000
1.501007062982918e-005	9.880093e+000	9.929370e+000
1.501016480293474e-005	9.875684e+000	9.835197e+000
1.501024978391383e-005	9.872355e+000	9.750216e+000
1.501035299578028e-005	9.869099e+000	9.647004e+000
1.501045371647770e-005	9.866555e+000	9.546284e+000
1.501057591783554e-005	9.864157e+000	9.424082e+000
1.501074476740809e-005	9.861270e+000	9.255233e+000
1.501097292142977e-005	9.854799e+000	9.027079e+000
1.501111027619086e-005	9.848125e+000	8.889724e+000
1.501126731391956e-005	9.839142e+000	8.732686e+000
1.501148239656503e-005	9.826165e+000	8.517604e+000
1.501191256185597e-005	9.797825e+000	8.087439e+000
1.501237615270458e-005	9.764719e+000	7.623847e+000
1.501320896023228e-005	9.699351e+000	6.791040e+000
1.501432176135185e-005	9.601439e+000	5.678239e+000
1.501613051026188e-005	9.422326e+000	3.869490e+000
1.501739431783759e-005	9.285398e+000	2.605682e+000
1.501762851887054e-005	9.257927e+000	2.371481e+000
1.501806558757114e-005	9.204802e+000	1.934412e+000
1.501898665219713e-005	9.087699e+000	1.013348e+000
1.501936621055508e-005	9.037749e+000	6.337894e-001
1.501970353709926e-005	8.991916e+000	2.964629e-001
1.502000000000000e-005	8.951095e+000	0.000000e+000
1.502002964629007e-005	8.948725e+000	0.000000e+000
1.502008893887022e-005	8.944385e+000	0.000000e+000
1.502017073532734e-005	8.938550e+000	0.000000e+000
1.502024958360678e-005	8.932722e+000	0.000000e+000
1.502033554360328e-005	8.926169e+000	0.000000e+000
1.502050746359628e-005	8.912863e+000	0.000000e+000
1.502074393231498e-005	8.894410e+000	0.000000e+000
1.502121686975238e-005	8.857443e+000	0.000000e+000
1.502174633504343e-005	8.816166e+000	0.000000e+000
1.502492312678973e-005	8.571830e+000	0.000000e+000
1.502913324438796e-005	8.255940e+000	0.000000e+000
1.503607483368075e-005	7.754577e+000	0.000000e+000
1.504853533498078e-005	6.903223e+000	0.000000e+000
1.506155125908161e-005	6.068047e+000	0.000000e+000
1.506917921177805e-005	5.609025e+000	0.000000e+000
1.508005470080509e-005	4.997738e+000	0.000000e+000
1.508422321084601e-005	4.776205e+000	0.000000e+000
1.508837321956166e-005	4.562008e+000	0.000000e+000
1.509236189885739e-005	4.361750e+000	0.000000e+000
1.509566658864909e-005	4.200013e+000	0.000000e+000
1.509841542783278e-005	4.068469e+000	0.000000e+000
1.510063709534095e-005	3.964166e+000	0.000000e+000
1.510251746004770e-005	3.877353e+000	0.000000e+000
1.510418132124926e-005	3.801728e+000	0.000000e+000
1.510576439960725e-005	3.730946e+000	0.000000e+000
1.510744635021220e-005	3.657131e+000	0.000000e+000
1.510906576220158e-005	3.587714e+000	0.000000e+000
1.511087094852686e-005	3.512583e+000	0.000000e+000
1.511272554332829e-005	3.438009e+000	0.000000e+000
1.511526777145223e-005	3.339278e+000	0.000000e+000
1.511805450172426e-005	3.234967e+000	0.000000e+000
1.512214646753366e-005	3.089832e+000	0.000000e+000
1.513033039915244e-005	2.824332e+000	0.000000e+000
1.514487581026854e-005	2.412165e+000	0.000000e+000
1.516258145409677e-005	1.993780e+000	0.000000e+000
1.518211270409677e-005	1.611289e+000	0.000000e+000
1.520164395409677e-005	1.261462e+000	0.000000e+000
1.521319652152226e-005	1.039584e+000	0.000000e+000
1.522781473294594e-005	7.337449e-001	0.000000e+000
1.524363652130625e-005	4.124714e-001	0.000000e+000
1.525911320869690e-005	1.444640e-001	0.000000e+000
1.526566852500417e-005	7.083931e-002	0.000000e+000
1.527057331514838e-005	4.681585e-002	0.000000e+000
1.527514004005277e-005	3.820880e-002	0.000000e+000
1.527869818997536e-005	3.518131e-002	0.000000e+000
1.528277351850984e-005	3.332952e-002	0.000000e+000
1.528741528150360e-005	3.198972e-002	0.000000e+000
1.529415166847971e-005	3.062557e-002	0.000000e+000
1.530238618431229e-005	2.936077e-002	0.000000e+000
1.531547734226059e-005	2.783635e-002	0.000000e+000
1.533436661378414e-005	2.628696e-002	0.000000e+000
1.535389786378415e-005	2.535407e-002	0.000000e+000
1.537342911378415e-005	2.504456e-002	0.000000e+000
1.539296036378414e-005	2.527153e-002	0.000000e+000
1.541249161378414e-005	2.597575e-002	0.000000e+000
1.543202286378415e-005	2.713160e-002	0.000000e+000
1.545155411378415e-005	2.874991e-002	0.000000e+000
1.547108536378414e-005	3.088076e-002	0.000000e+000
1.549061661378414e-005	3.362614e-002	0.000000e+000
1.551014786378415e-005	3.715882e-002	0.000000e+000
1.552967911378415e-005	4.176447e-002	0.000000e+000
1.554921036378415e-005	4.790881e-002	0.000000e+000
1.556874161378414e-005	5.635308e-002	0.000000e+000
1.558827286378415e-005	6.827381e-002	0.000000e+000
1.560780411378415e-005	8.520982e-002	0.000000e+000
1.562733536378415e-005	1.085449e-001	0.000000e+000
1.564686661378414e-005	1.386234e-001	0.000000e+000
1.566639786378414e-005	1.743227e-001	0.000000e+000
1.568592911378415e-005	2.135443e-001	0.000000e+000
1.570546036378415e-005	2.540910e-001	0.000000e+000
1.572499161378414e-005	2.942115e-001	0.000000e+000
1.574452286378414e-005	3.327051e-001	0.000000e+000
1.576405411378415e-005	3.688265e-001	0.000000e+000
1.578358536378415e-005	4.021623e-001	0.000000e+000
1.580311661378415e-005	4.325299e-001	0.000000e+000
1.582264786378414e-005	4.599029e-001	0.000000e+000
1.584217911378415e-005	4.843580e-001	0.000000e+000
1.586171036378415e-005	5.060363e-001	0.000000e+000
1.588124161378415e-005	5.251178e-001	0.000000e+000
1.590077286378414e-005	5.418016e-001	0.000000e+000
1.592030411378415e-005	5.562944e-001	0.000000e+000
1.593983536378415e-005	5.688009e-001	0.000000e+000
1.595936661378415e-005	5.795190e-001	0.000000e+000
1.597889786378414e-005	5.886364e-001	0.000000e+000
1.599842911378414e-005	5.963278e-001	0.000000e+000
1.601796036378415e-005	6.027550e-001	0.000000e+000
1.603749161378415e-005	6.080661e-001	0.000000e+000
1.605702286378414e-005	6.123957e-001	0.000000e+000
1.607655411378414e-005	6.158659e-001	0.000000e+000
1.609608536378415e-005	6.185866e-001	0.000000e+000
1.611561661378415e-005	6.206564e-001	0.000000e+000
1.613514786378415e-005	6.221635e-001	0.000000e+000
1.615467911378414e-005	6.231867e-001	0.000000e+000
1.617421036378415e-005	6.237958e-001	0.000000e+000
1.619374161378415e-005	6.240528e-001	0.000000e+000
1.621327286378415e-005	6.240123e-001	0.000000e+000
1.623280411378414e-005	6.237223e-001	0.000000e+000
1.625233536378415e-005	6.232249e-001	0.000000e+000
1.627186661378415e-005	6.225566e-001	0.000000e+000
1.629139786378415e-005	6.217492e-001	0.000000e+000
1.631092911378414e-005	6.208299e-001	0.000000e+000
1.633046036378414e-005	6.198223e-001	0.000000e+000
1.634999161378415e-005	6.187463e-001	0.000000e+000
1.636952286378415e-005	6.176187e-001	0.000000e+000
1.638905411378414e-005	6.164536e-001	0.000000e+000
1.640858536378414e-005	6.152630e-001	0.000000e+000
1.642811661378415e-005	6.140566e-001	0.000000e+000
1.644764786378415e-005	6.128426e-001	0.000000e+000
1.646717911378415e-005	6.116273e-001	0.000000e+000
1.648671036378414e-005	6.104163e-001	0.000000e+000
1.650624161378415e-005	6.092138e-001	0.000000e+000
1.652577286378415e-005	6.080231e-001	0.000000e+000
1.654530411378415e-005	6.068470e-001	0.000000e+000
1.656483536378414e-005	6.056875e-001	0.000000e+000
1.658436661378415e-005	6.045461e-001	0.000000e+000
1.660389786378415e-005	6.034241e-001	0.000000e+000
1.662342911378415e-005	6.023221e-001	0.000000e+000
1.664296036378414e-005	6.012408e-001	0.000000e+000
1.666249161378414e-005	6.001804e-001	0.000000e+000
1.668202286378415e-005	5.991412e-001	0.000000e+000
1.670155411378415e-005	5.981230e-001	0.000000e+000
1.672108536378414e-005	5.971257e-001	0.000000e+000
1.674061661378414e-005	5.961491e-001	0.000000e+000
1.676014786378415e-005	5.951930e-001	0.000000e+000
1.677967911378415e-005	5.942569e-001	0.000000e+000
1.679921036378415e-005	5.933405e-001	0.000000e+000
1.681874161378414e-005	5.924435e-001	0.000000e+000
1.683827286378415e-005	5.915651e-001	0.000000e+000
1.685780411378415e-005	5.907052e-001	0.000000e+000
1.687733536378415e-005	5.898632e-001	0.000000e+000
1.689686661378414e-005	5.890385e-001	0.000000e+000
1.691639786378414e-005	5.882308e-001	0.000000e+000
1.693592911378415e-005	5.874396e-001	0.000000e+000
1.695546036378415e-005	5.866644e-001	0.000000e+000
1.697499161378414e-005	5.859047e-001	0.000000e+000
1.699452286378414e-005	5.851601e-001	0.000000e+000
1.701405411378415e-005	5.844302e-001	0.000000e+000
1.703358536378415e-005	5.837145e-001	0.000000e+000
1.705311661378414e-005	5.830126e-001	0.000000e+000
1.707264786378414e-005	5.823241e-001	0.000000e+000
1.709217911378415e-005	5.816486e-001	0.000000e+000
1.711171036378415e-005	5.809857e-001	0.000000e+000
1.713124161378415e-005	5.803351e-001	0.000000e+000
1.715077286378414e-005	5.796963e-001	0.000000e+000
1.717030411378415e-005	5.790690e-001	0.000000e+000
1.718983536378415e-005	5.784530e-001	0.000000e+000
1.720936661378415e-005	5.778478e-001	0.000000e+000
1.722889786378414e-005	5.772532e-001	0.000000e+000
1.724842911378414e-005	5.766689e-001	0.000000e+000
1.726796036378415e-005	5.760944e-001	0.000000e+000
1.728749161378415e-005	5.755297e-001	0.000000e+000
1.730702286378414e-005	5.749743e-001	0.000000e+000
1.732655411378414e-005	5.744281e-001	0.000000e+000
1.734608536378415e-005	5.738908e-001	0.000000e+000
1.736561661378415e-005	5.733621e-001	0.000000e+000
1.738514786378414e-005	5.728418e-001	0.000000e+000
1.740467911378414e-005	5.723296e-001	0.000000e+000
1.742421036378415e-005	5.718255e-001	0.000000e+000
1.744374161378415e-005	5.713291e-001	0.000000e+000
1.746327286378415e-005	5.708401e-001	0.000000e+000
1.748280411378414e-005	5.703586e-001	0.000000e+000
1.750233536378415e-005	5.698841e-001	0.000000e+000
1.752186661378415e-005	5.694166e-001	0.000000e+000
1.754139786378415e-005	5.689560e-001	0.000000e+000
1.756092911378414e-005	5.685019e-001	0.000000e+000
1.758046036378414e-005	5.680542e-001	0.000000e+000
1.759999161378415e-005	5.676128e-001	0.000000e+000
1.763905411378414e-005	5.667483e-001	0.000000e+000
1.767811661378415e-005	5.659071e-001	0.000000e+000
1.771717911378414e-005	5.650880e-001	0.000000e+000
1.777577286378415e-005	5.638989e-001	0.000000e+000
1.783436661378415e-005	5.627542e-001	0.000000e+000
1.788458982806986e-005	5.618095e-001	0.000000e+000
1.793481304235558e-005	5.608901e-001	0.000000e+000
1.798503625664129e-005	5.599958e-001	0.000000e+000
1.803525947092700e-005	5.591268e-001	0.000000e+000
1.808548268521272e-005	5.582829e-001	0.000000e+000
1.813570589949843e-005	5.574643e-001	0.000000e+000
1.818592911378415e-005	5.566708e-001	0.000000e+000
1.826963447092700e-005	5.553977e-001	0.000000e+000
1.835333982806986e-005	5.541691e-001	0.000000e+000
1.843704518521272e-005	5.529853e-001	0.000000e+000
1.852075054235557e-005	5.518460e-001	0.000000e+000
1.860445589949843e-005	5.507515e-001	0.000000e+000
1.868816125664129e-005	5.497016e-001	0.000000e+000
1.877186661378415e-005	5.486964e-001	0.000000e+000
1.891416572092700e-005	5.470707e-001	0.000000e+000
1.905646482806986e-005	5.455159e-001	0.000000e+000
1.919876393521272e-005	5.440319e-001	0.000000e+000
1.934106304235557e-005	5.426187e-001	0.000000e+000
1.948336214949843e-005	5.412764e-001	0.000000e+000
1.962566125664129e-005	5.400048e-001	0.000000e+000
1.976796036378415e-005	5.388042e-001	0.000000e+000
1.996327286378414e-005	5.372166e-001	0.000000e+000
1.998046875000000e-005	5.370810e-001	0.000000e+000
1.999046875000000e-005	5.370025e-001	0.000000e+000
2.000000000000000e-005	5.369139e-001	0.000000e+000
