time	V(gate)	V(n002)
0.000000000000000e+000	-2.043095e-017	0.000000e+000
9.999999925207742e-012	1.631120e-003	1.000000e-002
2.999999977562323e-011	4.907530e-003	3.000000e-002
6.999999947634832e-011	1.152950e-002	7.000000e-002
1.499999988777985e-010	2.499909e-002	1.500000e-001
2.499999988778060e-010	4.221079e-002	2.500000e-001
3.499999988778135e-010	5.986550e-002	3.500000e-001
4.499999988778210e-010	7.798406e-002	4.500000e-001
5.499999988778285e-010	9.656384e-002	5.500000e-001
6.499999988778361e-010	1.156022e-001	6.500000e-001
7.499999988778436e-010	1.350965e-001	7.500000e-001
8.499999988778511e-010	1.550443e-001	8.500000e-001
9.499999988778586e-010	1.754428e-001	9.500000e-001
1.049999998877866e-009	1.962895e-001	1.050000e+000
1.149999998877874e-009	2.175819e-001	1.150000e+000
1.249999998877881e-009	2.393174e-001	1.250000e+000
1.349999998877889e-009	2.614936e-001	1.350000e+000
1.449999998877896e-009	2.841078e-001	1.450000e+000
1.549999998877904e-009	3.071577e-001	1.550000e+000
1.649999998877911e-009	3.306406e-001	1.650000e+000
1.749999998877919e-009	3.545542e-001	1.750000e+000
1.849999998877926e-009	3.788960e-001	1.850000e+000
2.049999998877941e-009	4.288543e-001	2.050000e+000
2.249999998877956e-009	4.804963e-001	2.250000e+000
2.449999998877971e-009	5.338027e-001	2.450000e+000
2.649999998877986e-009	5.887548e-001	2.650000e+000
2.949999998878009e-009	6.742272e-001	2.950000e+000
3.249999998878031e-009	7.632976e-001	3.250000e+000
3.549999998878054e-009	8.559048e-001	3.550000e+000
4.092857141735238e-009	1.033083e+000	4.092857e+000
4.635714284592422e-009	1.220481e+000	4.635714e+000
5.178571427449605e-009	1.418097e+000	5.178571e+000
5.721428570306789e-009	1.625933e+000	5.721428e+000
6.264285713163973e-009	1.843987e+000	6.264286e+000
6.807142856021156e-009	2.072261e+000	6.807143e+000
7.349999998878339e-009	2.310753e+000	7.350000e+000
7.729999999038588e-009	2.483122e+000	7.731659e+000
8.109999999198835e-009	2.659471e+000	8.112288e+000
8.489999999359083e-009	2.839801e+000	8.491889e+000
8.869999999519331e-009	3.024112e+000	8.870460e+000
9.249999999679580e-009	3.212403e+000	9.248002e+000
9.629999999839827e-009	3.404676e+000	9.624516e+000
1.001000000000007e-008	3.600930e+000	1.000000e+001
1.057285714285727e-008	3.799880e+000	1.000000e+001
1.113571428571446e-008	3.992971e+000	1.000000e+001
1.169857142857165e-008	4.180203e+000	1.000000e+001
1.226142857142884e-008	4.361575e+000	1.000000e+001
1.282428571428603e-008	4.537089e+000	1.000000e+001
1.338714285714322e-008	4.706743e+000	1.000000e+001
1.395000000000041e-008	4.870539e+000	1.000000e+001
1.425000000000044e-008	4.954847e+000	1.000000e+001
1.435000000000044e-008	4.982044e+000	1.000000e+001
1.445000000000045e-008	5.008549e+000	1.000000e+001
1.455000000000046e-008	5.034170e+000	1.000000e+001
1.465000000000047e-008	5.058701e+000	1.000000e+001
1.475000000000047e-008	5.081936e+000	1.000000e+001
1.485000000000048e-008	5.103697e+000	1.000000e+001
1.495000000000049e-008	5.123841e+000	1.000000e+001
1.505000000000050e-008	5.142279e+000	1.000000e+001
1.515000000000050e-008	5.158970e+000	1.000000e+001
1.525000000000051e-008	5.173929e+000	1.000000e+001
1.535000000000052e-008	5.187210e+000	1.000000e+001
1.545000000000053e-008	5.198902e+000	1.000000e+001
1.555000000000053e-008	5.209116e+000	1.000000e+001
1.565000000000054e-008	5.217977e+000	1.000000e+001
1.575000000000055e-008	5.225617e+000	1.000000e+001
1.585000000000056e-008	5.232165e+000	1.000000e+001
1.595000000000056e-008	5.237749e+000	1.000000e+001
1.605000000000057e-008	5.242483e+000	1.000000e+001
1.625000000000059e-008	5.249825e+000	1.000000e+001
1.637857142857202e-008	5.253073e+000	1.000000e+001
1.650714285714346e-008	5.255819e+000	1.000000e+001
1.663571428571490e-008	5.258063e+000	1.000000e+001
1.676428571428634e-008	5.259804e+000	1.000000e+001
1.689285714285778e-008	5.261042e+000	1.000000e+001
1.702142857142922e-008	5.261778e+000	1.000000e+001
1.715000000000065e-008	5.262012e+000	1.000000e+001
1.765000000000069e-008	5.260278e+000	1.000000e+001
1.815000000000073e-008	5.257267e+000	1.000000e+001
1.865000000000077e-008	5.252978e+000	1.000000e+001
1.915000000000080e-008	5.247411e+000	1.000000e+001
1.965000000000084e-008	5.240566e+000	1.000000e+001
2.015000000000088e-008	5.232442e+000	1.000000e+001
2.065000000000092e-008	5.223041e+000	1.000000e+001
2.096428571428666e-008	5.218090e+000	1.000000e+001
2.127857142857239e-008	5.213628e+000	1.000000e+001
2.159285714285813e-008	5.209657e+000	1.000000e+001
2.190714285714387e-008	5.206174e+000	1.000000e+001
2.222142857142961e-008	5.203182e+000	1.000000e+001
2.253571428571534e-008	5.200679e+000	1.000000e+001
2.285000000000108e-008	5.198667e+000	1.000000e+001
2.342142857142970e-008	5.196414e+000	1.000000e+001
2.399285714285831e-008	5.194597e+000	1.000000e+001
2.456428571428693e-008	5.193214e+000	1.000000e+001
2.513571428571554e-008	5.192266e+000	1.000000e+001
2.570714285714415e-008	5.191752e+000	1.000000e+001
2.627857142857277e-008	5.191673e+000	1.000000e+001
2.685000000000138e-008	5.192029e+000	1.000000e+001
2.829285714285863e-008	5.192649e+000	1.000000e+001
2.973571428571589e-008	5.193603e+000	1.000000e+001
3.117857142857314e-008	5.194891e+000	1.000000e+001
3.262142857143039e-008	5.196514e+000	1.000000e+001
3.406428571428764e-008	5.198471e+000	1.000000e+001
3.550714285714489e-008	5.200762e+000	1.000000e+001
3.695000000000214e-008	5.203388e+000	1.000000e+001
3.716428571428787e-008	5.203745e+000	1.000000e+001
3.737857142857360e-008	5.204188e+000	1.000000e+001
3.759285714285934e-008	5.204716e+000	1.000000e+001
3.780714285714506e-008	5.205331e+000	1.000000e+001
3.802142857143079e-008	5.206030e+000	1.000000e+001
3.823571428571652e-008	5.206815e+000	1.000000e+001
3.845000000000225e-008	5.207686e+000	1.000000e+001
3.855000000000226e-008	5.208953e+000	1.000000e+001
3.865000000000227e-008	5.210894e+000	1.000000e+001
3.875000000000228e-008	5.213607e+000	1.000000e+001
3.885000000000228e-008	5.217142e+000	1.000000e+001
3.895000000000229e-008	5.221509e+000	1.000000e+001
3.905000000000230e-008	5.226687e+000	1.000000e+001
3.915000000000231e-008	5.232632e+000	1.000000e+001
3.925000000000231e-008	5.239284e+000	1.000000e+001
3.935000000000232e-008	5.246574e+000	1.000000e+001
3.945000000000233e-008	5.254429e+000	1.000000e+001
3.955000000000234e-008	5.262775e+000	1.000000e+001
3.965000000000234e-008	5.271545e+000	1.000000e+001
3.975000000000235e-008	5.280672e+000	1.000000e+001
3.985000000000236e-008	5.290100e+000	1.000000e+001
3.995000000000237e-008	5.299777e+000	1.000000e+001
4.005000000000237e-008	5.309658e+000	1.000000e+001
4.015000000000238e-008	5.319708e+000	1.000000e+001
4.035000000000240e-008	5.340190e+000	1.000000e+001
4.055000000000241e-008	5.361033e+000	1.000000e+001
4.075000000000243e-008	5.382108e+000	1.000000e+001
4.105000000000245e-008	5.413979e+000	1.000000e+001
4.135000000000247e-008	5.446006e+000	1.000000e+001
4.165000000000249e-008	5.478082e+000	1.000000e+001
4.189285714285966e-008	5.504070e+000	1.000000e+001
4.213571428571682e-008	5.529983e+000	1.000000e+001
4.237857142857398e-008	5.555821e+000	1.000000e+001
4.262142857143114e-008	5.581583e+000	1.000000e+001
4.286428571428830e-008	5.607269e+000	1.000000e+001
4.310714285714546e-008	5.632880e+000	1.000000e+001
4.335000000000262e-008	5.658415e+000	1.000000e+001
4.372142857143122e-008	5.697238e+000	1.000000e+001
4.409285714285982e-008	5.735772e+000	1.000000e+001
4.446428571428842e-008	5.774017e+000	1.000000e+001
4.483571428571702e-008	5.811974e+000	1.000000e+001
4.520714285714562e-008	5.849642e+000	1.000000e+001
4.557857142857422e-008	5.887020e+000	1.000000e+001
4.595000000000282e-008	5.924110e+000	1.000000e+001
4.652142857143143e-008	5.980548e+000	1.000000e+001
4.709285714286005e-008	6.036265e+000	1.000000e+001
4.766428571428866e-008	6.091261e+000	1.000000e+001
4.823571428571727e-008	6.145536e+000	1.000000e+001
4.880714285714589e-008	6.199089e+000	1.000000e+001
4.937857142857451e-008	6.251922e+000	1.000000e+001
4.995000000000312e-008	6.304034e+000	1.000000e+001
5.085000000000319e-008	6.384621e+000	1.000000e+001
5.175000000000325e-008	6.463564e+000	1.000000e+001
5.265000000000332e-008	6.540861e+000	1.000000e+001
5.355000000000339e-008	6.616513e+000	1.000000e+001
5.445000000000346e-008	6.690520e+000	1.000000e+001
5.535000000000352e-008	6.762883e+000	1.000000e+001
5.625000000000359e-008	6.833600e+000	1.000000e+001
5.770714285714656e-008	6.944666e+000	1.000000e+001
5.916428571428953e-008	7.052158e+000	1.000000e+001
6.062142857143249e-008	7.156074e+000	1.000000e+001
6.207857142857546e-008	7.256416e+000	1.000000e+001
6.353571428571843e-008	7.353184e+000	1.000000e+001
6.499285714286139e-008	7.446376e+000	1.000000e+001
6.645000000000436e-008	7.535994e+000	1.000000e+001
6.890714285714740e-008	7.679408e+000	1.000000e+001
7.136428571429045e-008	7.815510e+000	1.000000e+001
7.382142857143348e-008	7.944299e+000	1.000000e+001
7.627857142857653e-008	8.065776e+000	1.000000e+001
7.873571428571957e-008	8.179940e+000	1.000000e+001
8.119285714286262e-008	8.286792e+000	1.000000e+001
8.365000000000565e-008	8.386332e+000	1.000000e+001
8.622142857143441e-008	8.484461e+000	1.000000e+001
8.879285714286318e-008	8.577388e+000	1.000000e+001
9.136428571429195e-008	8.665111e+000	1.000000e+001
9.393571428572071e-008	8.747631e+000	1.000000e+001
9.650714285714948e-008	8.824948e+000	1.000000e+001
9.907857142857824e-008	8.897062e+000	1.000000e+001
1.016500000000070e-007	8.963972e+000	1.000000e+001
1.017500000000070e-007	8.966520e+000	1.000000e+001
1.054642857142930e-007	9.055331e+000	1.000000e+001
1.091785714285790e-007	9.137806e+000	1.000000e+001
1.128928571428650e-007	9.213944e+000	1.000000e+001
1.166071428571510e-007	9.283747e+000	1.000000e+001
1.203214285714370e-007	9.347213e+000	1.000000e+001
1.240357142857230e-007	9.404343e+000	1.000000e+001
1.277500000000090e-007	9.455137e+000	1.000000e+001
1.314642857142950e-007	9.501963e+000	1.000000e+001
1.351785714285810e-007	9.545448e+000	1.000000e+001
1.388928571428669e-007	9.585592e+000	1.000000e+001
1.426071428571529e-007	9.622395e+000	1.000000e+001
1.463214285714389e-007	9.655856e+000	1.000000e+001
1.500357142857249e-007	9.685976e+000	1.000000e+001
1.537500000000109e-007	9.712755e+000	1.000000e+001
1.574642857142969e-007	9.737442e+000	1.000000e+001
1.611785714285829e-007	9.760368e+000	1.000000e+001
1.648928571428689e-007	9.781532e+000	1.000000e+001
1.686071428571549e-007	9.800934e+000	1.000000e+001
1.723214285714409e-007	9.818575e+000	1.000000e+001
1.760357142857269e-007	9.834454e+000	1.000000e+001
1.797500000000129e-007	9.848572e+000	1.000000e+001
1.832214285714417e-007	9.860795e+000	1.000000e+001
1.866928571428705e-007	9.872190e+000	1.000000e+001
1.901642857142994e-007	9.882759e+000	1.000000e+001
1.936357142857282e-007	9.892500e+000	1.000000e+001
1.971071428571570e-007	9.901413e+000	1.000000e+001
2.005785714285859e-007	9.909500e+000	1.000000e+001
2.040500000000147e-007	9.916759e+000	1.000000e+001
2.041500000000147e-007	9.916964e+000	1.000000e+001
2.078642857143007e-007	9.924100e+000	1.000000e+001
2.115785714285867e-007	9.930727e+000	1.000000e+001
2.152928571428727e-007	9.936845e+000	1.000000e+001
2.190071428571587e-007	9.942454e+000	1.000000e+001
2.227214285714447e-007	9.947554e+000	1.000000e+001
2.264357142857307e-007	9.952144e+000	1.000000e+001
2.301500000000167e-007	9.956225e+000	1.000000e+001
2.338642857143027e-007	9.959988e+000	1.000000e+001
2.375785714285887e-007	9.963481e+000	1.000000e+001
2.412928571428747e-007	9.966707e+000	1.000000e+001
2.450071428571607e-007	9.969664e+000	1.000000e+001
2.487214285714466e-007	9.972352e+000	1.000000e+001
2.524357142857326e-007	9.974772e+000	1.000000e+001
2.561500000000186e-007	9.976924e+000	1.000000e+001
2.598642857143046e-007	9.978907e+000	1.000000e+001
2.635785714285906e-007	9.980749e+000	1.000000e+001
2.672928571428766e-007	9.982449e+000	1.000000e+001
2.710071428571626e-007	9.984008e+000	1.000000e+001
2.747214285714486e-007	9.985425e+000	1.000000e+001
2.784357142857346e-007	9.986701e+000	1.000000e+001
2.821500000000206e-007	9.987835e+000	1.000000e+001
2.856214285714494e-007	9.988817e+000	1.000000e+001
2.890928571428783e-007	9.989732e+000	1.000000e+001
2.925642857143071e-007	9.990582e+000	1.000000e+001
2.960357142857359e-007	9.991364e+000	1.000000e+001
2.995071428571648e-007	9.992080e+000	1.000000e+001
3.029785714285936e-007	9.992730e+000	1.000000e+001
3.064500000000224e-007	9.993313e+000	1.000000e+001
3.065500000000224e-007	9.993329e+000	1.000000e+001
3.102642857143084e-007	9.993903e+000	1.000000e+001
3.139785714285944e-007	9.994435e+000	1.000000e+001
3.176928571428804e-007	9.994927e+000	1.000000e+001
3.214071428571664e-007	9.995377e+000	1.000000e+001
3.251214285714524e-007	9.995787e+000	1.000000e+001
3.288357142857384e-007	9.996156e+000	1.000000e+001
3.325500000000244e-007	9.996484e+000	1.000000e+001
3.362642857143104e-007	9.996786e+000	1.000000e+001
3.399785714285964e-007	9.997067e+000	1.000000e+001
3.436928571428824e-007	9.997326e+000	1.000000e+001
3.474071428571684e-007	9.997563e+000	1.000000e+001
3.511214285714543e-007	9.997779e+000	1.000000e+001
3.548357142857403e-007	9.997973e+000	1.000000e+001
3.585500000000263e-007	9.998146e+000	1.000000e+001
3.622642857143123e-007	9.998306e+000	1.000000e+001
3.659785714285983e-007	9.998454e+000	1.000000e+001
3.696928571428843e-007	9.998590e+000	1.000000e+001
3.734071428571703e-007	9.998716e+000	1.000000e+001
3.771214285714563e-007	9.998829e+000	1.000000e+001
3.808357142857423e-007	9.998932e+000	1.000000e+001
3.845500000000283e-007	9.999022e+000	1.000000e+001
3.880214285714571e-007	9.999101e+000	1.000000e+001
3.914928571428859e-007	9.999175e+000	1.000000e+001
3.949642857143148e-007	9.999243e+000	1.000000e+001
3.984357142857436e-007	9.999306e+000	1.000000e+001
4.019071428571725e-007	9.999364e+000	1.000000e+001
4.053785714286013e-007	9.999416e+000	1.000000e+001
4.088500000000301e-007	9.999463e+000	1.000000e+001
4.089500000000301e-007	9.999464e+000	1.000000e+001
4.126785714286018e-007	9.999510e+000	1.000000e+001
4.164071428571735e-007	9.999553e+000	1.000000e+001
4.201357142857452e-007	9.999592e+000	1.000000e+001
4.238642857143169e-007	9.999629e+000	1.000000e+001
4.275928571428887e-007	9.999662e+000	1.000000e+001
4.313214285714603e-007	9.999692e+000	1.000000e+001
4.350500000000321e-007	9.999719e+000	1.000000e+001
4.387928571428895e-007	9.999743e+000	1.000000e+001
4.425357142857469e-007	9.999765e+000	1.000000e+001
4.462785714286043e-007	9.999786e+000	1.000000e+001
4.500214285714617e-007	9.999805e+000	1.000000e+001
4.537642857143192e-007	9.999823e+000	1.000000e+001
4.575071428571766e-007	9.999838e+000	1.000000e+001
4.612500000000340e-007	9.999852e+000	1.000000e+001
4.650214285714629e-007	9.999865e+000	1.000000e+001
4.687928571428918e-007	9.999877e+000	1.000000e+001
4.725642857143206e-007	9.999888e+000	1.000000e+001
4.763357142857494e-007	9.999898e+000	1.000000e+001
4.801071428571783e-007	9.999907e+000	1.000000e+001
4.838785714286072e-007	9.999915e+000	1.000000e+001
4.876500000000360e-007	9.999923e+000	1.000000e+001
4.910214285714648e-007	9.999929e+000	1.000000e+001
4.943928571428936e-007	9.999934e+000	1.000000e+001
4.977642857143224e-007	9.999939e+000	1.000000e+001
5.011357142857514e-007	9.999944e+000	1.000000e+001
5.045071428571802e-007	9.999949e+000	1.000000e+001
5.078785714286090e-007	9.999953e+000	1.000000e+001
5.112500000000378e-007	9.999957e+000	1.000000e+001
5.113500000000378e-007	9.999957e+000	1.000000e+001
5.152357142857524e-007	9.999961e+000	1.000000e+001
5.191214285714669e-007	9.999965e+000	1.000000e+001
5.230071428571816e-007	9.999968e+000	1.000000e+001
5.268928571428961e-007	9.999971e+000	1.000000e+001
5.307785714286107e-007	9.999974e+000	1.000000e+001
5.346642857143252e-007	9.999976e+000	1.000000e+001
5.385500000000398e-007	9.999978e+000	1.000000e+001
5.425928571428972e-007	9.999980e+000	1.000000e+001
5.466357142857548e-007	9.999982e+000	1.000000e+001
5.506785714286122e-007	9.999984e+000	1.000000e+001
5.547214285714696e-007	9.999985e+000	1.000000e+001
5.587642857143270e-007	9.999987e+000	1.000000e+001
5.628071428571845e-007	9.999988e+000	1.000000e+001
5.668500000000420e-007	9.999989e+000	1.000000e+001
5.712071428571852e-007	9.999990e+000	1.000000e+001
5.755642857143283e-007	9.999991e+000	1.000000e+001
5.799214285714715e-007	9.999992e+000	1.000000e+001
5.842785714286147e-007	9.999993e+000	1.000000e+001
5.886357142857579e-007	9.999994e+000	1.000000e+001
5.929928571429010e-007	9.999995e+000	1.000000e+001
5.973500000000442e-007	9.999995e+000	1.000000e+001
5.996785714286159e-007	9.999996e+000	1.000000e+001
6.020071428571875e-007	9.999996e+000	1.000000e+001
6.043357142857591e-007	9.999996e+000	1.000000e+001
6.066642857143306e-007	9.999996e+000	1.000000e+001
6.089928571429022e-007	9.999996e+000	1.000000e+001
6.113214285714739e-007	9.999996e+000	1.000000e+001
6.136500000000455e-007	9.999996e+000	1.000000e+001
6.137500000000455e-007	9.999996e+000	1.000000e+001
6.192071428571888e-007	9.999997e+000	1.000000e+001
6.246642857143320e-007	9.999997e+000	1.000000e+001
6.301214285714753e-007	9.999998e+000	1.000000e+001
6.355785714286186e-007	9.999998e+000	1.000000e+001
6.410357142857619e-007	9.999999e+000	1.000000e+001
6.464928571429051e-007	9.999999e+000	1.000000e+001
6.519500000000484e-007	9.999999e+000	1.000000e+001
6.592500000000489e-007	9.999999e+000	1.000000e+001
6.665500000000494e-007	9.999999e+000	1.000000e+001
6.738500000000500e-007	9.999999e+000	1.000000e+001
6.811500000000505e-007	9.999999e+000	1.000000e+001
6.884500000000511e-007	9.999999e+000	1.000000e+001
6.957500000000516e-007	1.000000e+001	1.000000e+001
7.030500000000522e-007	1.000000e+001	1.000000e+001
7.161500000000532e-007	1.000000e+001	1.000000e+001
7.295500000000542e-007	1.000000e+001	1.000000e+001
7.429500000000552e-007	1.000000e+001	1.000000e+001
7.563500000000562e-007	1.000000e+001	1.000000e+001
7.697500000000572e-007	1.000000e+001	1.000000e+001
7.831500000000582e-007	1.000000e+001	1.000000e+001
7.965500000000592e-007	1.000000e+001	1.000000e+001
8.099500000000602e-007	1.000000e+001	1.000000e+001
8.185500000000609e-007	1.000000e+001	1.000000e+001
9.209500000000686e-007	1.000000e+001	1.000000e+001
1.023350000000076e-006	1.000000e+001	1.000000e+001
1.125750000000084e-006	1.000000e+001	1.000000e+001
1.228150000000092e-006	1.000000e+001	1.000000e+001
1.330550000000099e-006	1.000000e+001	1.000000e+001
1.432950000000107e-006	1.000000e+001	1.000000e+001
1.535350000000115e-006	1.000000e+001	1.000000e+001
1.637750000000123e-006	1.000000e+001	1.000000e+001
1.740150000000130e-006	1.000000e+001	1.000000e+001
1.842550000000138e-006	1.000000e+001	1.000000e+001
1.944950000000146e-006	1.000000e+001	1.000000e+001
2.047350000000153e-006	1.000000e+001	1.000000e+001
2.149750000000161e-006	1.000000e+001	1.000000e+001
2.252150000000169e-006	1.000000e+001	1.000000e+001
2.354550000000176e-006	1.000000e+001	1.000000e+001
2.456950000000184e-006	1.000000e+001	1.000000e+001
2.559350000000192e-006	1.000000e+001	1.000000e+001
2.661750000000199e-006	1.000000e+001	1.000000e+001
2.764150000000207e-006	1.000000e+001	1.000000e+001
2.866550000000215e-006	1.000000e+001	1.000000e+001
2.968950000000223e-006	1.000000e+001	1.000000e+001
3.071350000000230e-006	1.000000e+001	1.000000e+001
3.173750000000238e-006	1.000000e+001	1.000000e+001
3.276150000000246e-006	1.000000e+001	1.000000e+001
3.378550000000253e-006	1.000000e+001	1.000000e+001
3.480950000000261e-006	1.000000e+001	1.000000e+001
3.583350000000269e-006	1.000000e+001	1.000000e+001
3.685750000000276e-006	1.000000e+001	1.000000e+001
3.788150000000284e-006	1.000000e+001	1.000000e+001
3.890550000000292e-006	1.000000e+001	1.000000e+001
3.992950000000300e-006	1.000000e+001	1.000000e+001
4.095350000000307e-006	1.000000e+001	1.000000e+001
4.197750000000315e-006	1.000000e+001	1.000000e+001
4.300150000000323e-006	1.000000e+001	1.000000e+001
4.402550000000330e-006	1.000000e+001	1.000000e+001
4.504950000000338e-006	1.000000e+001	1.000000e+001
4.607350000000346e-006	1.000000e+001	1.000000e+001
4.709750000000353e-006	1.000000e+001	1.000000e+001
4.812150000000361e-006	1.000000e+001	1.000000e+001
4.914550000000369e-006	1.000000e+001	1.000000e+001
5.010000000000000e-006	1.000000e+001	1.000000e+001
5.010464285714125e-006	9.922107e+000	9.535714e+000
5.010928571428250e-006	9.839948e+000	9.071429e+000
5.011392857142374e-006	9.753522e+000	8.607143e+000
5.011857142856499e-006	9.662829e+000	8.142857e+000
5.012321428570624e-006	9.567869e+000	7.678571e+000
5.012785714284749e-006	9.468643e+000	7.214286e+000
5.013249999998873e-006	9.365149e+000	6.750000e+000
5.013721428570302e-006	9.255862e+000	6.278571e+000
5.014192857141731e-006	9.142510e+000	5.807143e+000
5.014664285713159e-006	9.025094e+000	5.335714e+000
5.015135714284588e-006	8.903612e+000	4.864286e+000
5.015607142856016e-006	8.778066e+000	4.392857e+000
5.016078571427445e-006	8.648455e+000	3.921429e+000
5.016549999998874e-006	8.514780e+000	3.450000e+000
5.016649999998874e-006	8.485946e+000	3.350000e+000
5.017128571427606e-006	8.345417e+000	2.871428e+000
5.017607142856338e-006	8.201040e+000	2.392857e+000
5.018085714285071e-006	8.052815e+000	1.914286e+000
5.018564285713804e-006	7.900741e+000	1.435714e+000
5.019042857142536e-006	7.744819e+000	9.571428e-001
5.019521428571268e-006	7.585048e+000	4.785714e-001
5.020000000000000e-006	7.421429e+000	0.000000e+000
5.021878571428572e-006	7.087390e+000	0.000000e+000
5.023757142857143e-006	6.766891e+000	0.000000e+000
5.025635714285715e-006	6.459933e+000	0.000000e+000
5.027514285714287e-006	6.166515e+000	0.000000e+000
5.029392857142858e-006	5.886638e+000	0.000000e+000
5.031271428571429e-006	5.620301e+000	0.000000e+000
5.033150000000001e-006	5.367504e+000	0.000000e+000
5.034250000000001e-006	5.224193e+000	0.000000e+000
5.035350000000002e-006	5.084454e+000	0.000000e+000
5.036450000000002e-006	4.948287e+000	0.000000e+000
5.037550000000001e-006	4.815692e+000	0.000000e+000
5.038650000000001e-006	4.686670e+000	0.000000e+000
5.039750000000002e-006	4.561220e+000	0.000000e+000
5.040850000000002e-006	4.439342e+000	0.000000e+000
5.041464285714288e-006	4.372596e+000	0.000000e+000
5.042078571428573e-006	4.306794e+000	0.000000e+000
5.042692857142859e-006	4.241934e+000	0.000000e+000
5.043307142857145e-006	4.178018e+000	0.000000e+000
5.043921428571431e-006	4.115045e+000	0.000000e+000
5.044535714285716e-006	4.053014e+000	0.000000e+000
5.045150000000002e-006	3.991927e+000	0.000000e+000
5.045535714285716e-006	3.954007e+000	0.000000e+000
5.045921428571431e-006	3.916405e+000	0.000000e+000
5.046307142857145e-006	3.879118e+000	0.000000e+000
5.046692857142859e-006	3.842148e+000	0.000000e+000
5.047078571428573e-006	3.805495e+000	0.000000e+000
5.047464285714288e-006	3.769158e+000	0.000000e+000
5.047850000000002e-006	3.733137e+000	0.000000e+000
5.048107142857145e-006	3.709281e+000	0.000000e+000
5.048364285714288e-006	3.685524e+000	0.000000e+000
5.048621428571431e-006	3.661866e+000	0.000000e+000
5.048878571428574e-006	3.638308e+000	0.000000e+000
5.049135714285716e-006	3.614850e+000	0.000000e+000
5.049392857142860e-006	3.591491e+000	0.000000e+000
5.049650000000003e-006	3.568232e+000	0.000000e+000
5.049850000000002e-006	3.550195e+000	0.000000e+000
5.050050000000003e-006	3.532164e+000	0.000000e+000
5.050250000000002e-006	3.514141e+000	0.000000e+000
5.050450000000003e-006	3.496124e+000	0.000000e+000
5.050650000000002e-006	3.478115e+000	0.000000e+000
5.050850000000003e-006	3.460113e+000	0.000000e+000
5.051050000000002e-006	3.442118e+000	0.000000e+000
5.051350000000002e-006	3.415007e+000	0.000000e+000
5.051650000000003e-006	3.387747e+000	0.000000e+000
5.051950000000003e-006	3.360259e+000	0.000000e+000
5.052150000000002e-006	3.341759e+000	0.000000e+000
5.052350000000003e-006	3.323076e+000	0.000000e+000
5.052550000000003e-006	3.304166e+000	0.000000e+000
5.052750000000003e-006	3.284972e+000	0.000000e+000
5.052950000000002e-006	3.265475e+000	0.000000e+000
5.053250000000003e-006	3.235827e+000	0.000000e+000
5.053464285714288e-006	3.214393e+000	0.000000e+000
5.053678571428574e-006	3.193026e+000	0.000000e+000
5.053892857142860e-006	3.171728e+000	0.000000e+000
5.054107142857146e-006	3.150499e+000	0.000000e+000
5.054321428571432e-006	3.129338e+000	0.000000e+000
5.054535714285717e-006	3.108245e+000	0.000000e+000
5.054750000000003e-006	3.087220e+000	0.000000e+000
5.055907142857146e-006	2.977476e+000	0.000000e+000
5.057064285714289e-006	2.872427e+000	0.000000e+000
5.058221428571432e-006	2.772073e+000	0.000000e+000
5.059378571428575e-006	2.676415e+000	0.000000e+000
5.060535714285718e-006	2.585453e+000	0.000000e+000
5.061692857142861e-006	2.499186e+000	0.000000e+000
5.062850000000004e-006	2.417615e+000	0.000000e+000
5.064221428571432e-006	2.326070e+000	0.000000e+000
5.065592857142861e-006	2.238867e+000	0.000000e+000
5.066964285714289e-006	2.156006e+000	0.000000e+000
5.068335714285719e-006	2.077486e+000	0.000000e+000
5.069707142857147e-006	2.003308e+000	0.000000e+000
5.071078571428576e-006	1.933471e+000	0.000000e+000
5.072450000000004e-006	1.867976e+000	0.000000e+000
5.074692857142861e-006	1.766981e+000	0.000000e+000
5.076935714285719e-006	1.672796e+000	0.000000e+000
5.079178571428576e-006	1.585423e+000	0.000000e+000
5.081421428571433e-006	1.504861e+000	0.000000e+000
5.083664285714290e-006	1.431109e+000	0.000000e+000
5.085907142857148e-006	1.364168e+000	0.000000e+000
5.088150000000005e-006	1.304039e+000	0.000000e+000
5.089564285714291e-006	1.268618e+000	0.000000e+000
5.090978571428577e-006	1.234926e+000	0.000000e+000
5.092392857142863e-006	1.202963e+000	0.000000e+000
5.093807142857148e-006	1.172728e+000	0.000000e+000
5.095221428571434e-006	1.144221e+000	0.000000e+000
5.096635714285721e-006	1.117444e+000	0.000000e+000
5.098050000000006e-006	1.092395e+000	0.000000e+000
5.098792857142863e-006	1.079718e+000	0.000000e+000
5.099535714285721e-006	1.067396e+000	0.000000e+000
5.100278571428578e-006	1.055428e+000	0.000000e+000
5.101021428571435e-006	1.043816e+000	0.000000e+000
5.101764285714292e-006	1.032557e+000	0.000000e+000
5.102507142857150e-006	1.021654e+000	0.000000e+000
5.103250000000007e-006	1.011105e+000	0.000000e+000
5.103450000000006e-006	1.008312e+000	0.000000e+000
5.103550000000006e-006	1.006925e+000	0.000000e+000
5.103750000000007e-006	1.004167e+000	0.000000e+000
5.104535714285721e-006	9.935759e-001	0.000000e+000
5.105321428571436e-006	9.832938e-001	0.000000e+000
5.106107142857150e-006	9.733205e-001	0.000000e+000
5.106892857142864e-006	9.636560e-001	0.000000e+000
5.107678571428578e-006	9.543003e-001	0.000000e+000
5.108464285714293e-006	9.452534e-001	0.000000e+000
5.109250000000007e-006	9.365153e-001	0.000000e+000
5.110592857142865e-006	9.222774e-001	0.000000e+000
5.111935714285721e-006	9.086558e-001	0.000000e+000
5.113278571428579e-006	8.956503e-001	0.000000e+000
5.114621428571436e-006	8.832612e-001	0.000000e+000
5.115964285714293e-006	8.714882e-001	0.000000e+000
5.117307142857150e-006	8.603315e-001	0.000000e+000
5.118650000000007e-006	8.497910e-001	0.000000e+000
5.118750000000008e-006	8.490158e-001	0.000000e+000
5.120750000000008e-006	8.343716e-001	0.000000e+000
5.122750000000008e-006	8.202090e-001	0.000000e+000
5.124750000000008e-006	8.065279e-001	0.000000e+000
5.126750000000008e-006	7.933284e-001	0.000000e+000
5.128750000000008e-006	7.806104e-001	0.000000e+000
5.130750000000008e-006	7.683740e-001	0.000000e+000
5.132750000000009e-006	7.566192e-001	0.000000e+000
5.135378571428580e-006	7.409856e-001	0.000000e+000
5.138007142857152e-006	7.245850e-001	0.000000e+000
5.140635714285724e-006	7.074176e-001	0.000000e+000
5.143264285714295e-006	6.894832e-001	0.000000e+000
5.145892857142867e-006	6.707819e-001	0.000000e+000
5.148521428571438e-006	6.513137e-001	0.000000e+000
5.151150000000010e-006	6.310786e-001	0.000000e+000
5.154378571428581e-006	6.043205e-001	0.000000e+000
5.157607142857154e-006	5.778775e-001	0.000000e+000
5.160835714285725e-006	5.517496e-001	0.000000e+000
5.164064285714296e-006	5.259367e-001	0.000000e+000
5.167292857142868e-006	5.004388e-001	0.000000e+000
5.170521428571440e-006	4.752560e-001	0.000000e+000
5.173750000000011e-006	4.503883e-001	0.000000e+000
5.177621428571440e-006	4.229904e-001	0.000000e+000
5.181492857142869e-006	3.971372e-001	0.000000e+000
5.185364285714298e-006	3.728288e-001	0.000000e+000
5.189235714285727e-006	3.500652e-001	0.000000e+000
5.193107142857156e-006	3.288463e-001	0.000000e+000
5.196978571428585e-006	3.091721e-001	0.000000e+000
5.200850000000014e-006	2.910428e-001	0.000000e+000
5.203735714285728e-006	2.782723e-001	0.000000e+000
5.206621428571443e-006	2.660389e-001	0.000000e+000
5.209507142857157e-006	2.543427e-001	0.000000e+000
5.212392857142872e-006	2.431834e-001	0.000000e+000
5.215278571428586e-006	2.325613e-001	0.000000e+000
5.218164285714301e-006	2.224763e-001	0.000000e+000
5.221050000000015e-006	2.129283e-001	0.000000e+000
5.221150000000015e-006	2.126021e-001	0.000000e+000
5.227121428571445e-006	1.943422e-001	0.000000e+000
5.233092857142873e-006	1.773289e-001	0.000000e+000
5.239064285714302e-006	1.615622e-001	0.000000e+000
5.245035714285732e-006	1.470423e-001	0.000000e+000
5.251007142857161e-006	1.337690e-001	0.000000e+000
5.256978571428590e-006	1.217423e-001	0.000000e+000
5.262950000000019e-006	1.109624e-001	0.000000e+000
5.268821428571448e-006	1.011022e-001	0.000000e+000
5.274692857142877e-006	9.192403e-002	0.000000e+000
5.280564285714306e-006	8.342789e-002	0.000000e+000
5.286435714285734e-006	7.561378e-002	0.000000e+000
5.292307142857164e-006	6.848169e-002	0.000000e+000
5.298178571428593e-006	6.203163e-002	0.000000e+000
5.304050000000022e-006	5.626360e-002	0.000000e+000
5.306821428571451e-006	5.367631e-002	0.000000e+000
5.309592857142879e-006	5.119059e-002	0.000000e+000
5.312364285714308e-006	4.880642e-002	0.000000e+000
5.315135714285736e-006	4.652382e-002	0.000000e+000
5.317907142857165e-006	4.434277e-002	0.000000e+000
5.320678571428594e-006	4.226329e-002	0.000000e+000
5.323450000000023e-006	4.028536e-002	0.000000e+000
5.323550000000023e-006	4.021531e-002	0.000000e+000
5.328578571428595e-006	3.688215e-002	0.000000e+000
5.333607142857167e-006	3.377336e-002	0.000000e+000
5.338635714285739e-006	3.088897e-002	0.000000e+000
5.343664285714310e-006	2.822896e-002	0.000000e+000
5.348692857142882e-006	2.579333e-002	0.000000e+000
5.353721428571454e-006	2.358210e-002	0.000000e+000
5.358750000000026e-006	2.159524e-002	0.000000e+000
5.363707142857168e-006	1.978719e-002	0.000000e+000
5.368664285714312e-006	1.810344e-002	0.000000e+000
5.373621428571455e-006	1.654399e-002	0.000000e+000
5.378578571428599e-006	1.510883e-002	0.000000e+000
5.383535714285741e-006	1.379797e-002	0.000000e+000
5.388492857142885e-006	1.261140e-002	0.000000e+000
5.393450000000028e-006	1.154913e-002	0.000000e+000
5.398078571428600e-006	1.063001e-002	0.000000e+000
5.402707142857172e-006	9.771829e-003	0.000000e+000
5.407335714285744e-006	8.974590e-003	0.000000e+000
5.411964285714315e-006	8.238293e-003	0.000000e+000
5.416592857142887e-006	7.562939e-003	0.000000e+000
5.421221428571459e-006	6.948526e-003	0.000000e+000
5.425850000000030e-006	6.395056e-003	0.000000e+000
5.425950000000031e-006	6.383357e-003	0.000000e+000
5.430892857142888e-006	5.839558e-003	0.000000e+000
5.435835714285746e-006	5.334102e-003	0.000000e+000
5.440778571428604e-006	4.866987e-003	0.000000e+000
5.445721428571461e-006	4.438213e-003	0.000000e+000
5.450664285714318e-006	4.047781e-003	0.000000e+000
5.455607142857176e-006	3.695691e-003	0.000000e+000
5.460550000000034e-006	3.381943e-003	0.000000e+000
5.465492857142891e-006	3.092662e-003	0.000000e+000
5.470435714285748e-006	2.823891e-003	0.000000e+000
5.475378571428606e-006	2.575630e-003	0.000000e+000
5.480321428571464e-006	2.347880e-003	0.000000e+000
5.485264285714321e-006	2.140639e-003	0.000000e+000
5.490207142857178e-006	1.953909e-003	0.000000e+000
5.495150000000036e-006	1.787689e-003	0.000000e+000
5.499878571428608e-006	1.640613e-003	0.000000e+000
5.504607142857179e-006	1.503641e-003	0.000000e+000
5.509335714285751e-006	1.376772e-003	0.000000e+000
5.514064285714323e-006	1.260006e-003	0.000000e+000
5.518792857142895e-006	1.153344e-003	0.000000e+000
5.523521428571466e-006	1.056785e-003	0.000000e+000
5.528250000000038e-006	9.703291e-004	0.000000e+000
5.528350000000038e-006	9.685384e-004	0.000000e+000
5.533307142857181e-006	8.851961e-004	0.000000e+000
5.538264285714325e-006	8.078029e-004	0.000000e+000
5.543221428571468e-006	7.363587e-004	0.000000e+000
5.548178571428611e-006	6.708637e-004	0.000000e+000
5.553135714285754e-006	6.113178e-004	0.000000e+000
5.558092857142898e-006	5.577209e-004	0.000000e+000
5.563050000000041e-006	5.100732e-004	0.000000e+000
5.568007142857184e-006	4.661538e-004	0.000000e+000
5.572964285714327e-006	4.253722e-004	0.000000e+000
5.577921428571470e-006	3.877284e-004	0.000000e+000
5.582878571428614e-006	3.532222e-004	0.000000e+000
5.587835714285757e-006	3.218538e-004	0.000000e+000
5.592792857142900e-006	2.936232e-004	0.000000e+000
5.597750000000043e-006	2.685302e-004	0.000000e+000
5.602450000000043e-006	2.465155e-004	0.000000e+000
5.607150000000044e-006	2.260102e-004	0.000000e+000
5.611850000000044e-006	2.070146e-004	0.000000e+000
5.616550000000045e-006	1.895285e-004	0.000000e+000
5.621250000000045e-006	1.735519e-004	0.000000e+000
5.625950000000046e-006	1.590848e-004	0.000000e+000
5.630650000000046e-006	1.461274e-004	0.000000e+000
5.630750000000046e-006	1.458573e-004	0.000000e+000
5.635735714285761e-006	1.332252e-004	0.000000e+000
5.640721428571476e-006	1.215001e-004	0.000000e+000
5.645707142857190e-006	1.106822e-004	0.000000e+000
5.650692857142904e-006	1.007715e-004	0.000000e+000
5.655678571428619e-006	9.176783e-005	0.000000e+000
5.660664285714334e-006	8.367131e-005	0.000000e+000
5.665650000000049e-006	7.648191e-005	0.000000e+000
5.670664285714335e-006	6.982241e-005	0.000000e+000
5.675678571428621e-006	6.364331e-005	0.000000e+000
5.680692857142907e-006	5.794461e-005	0.000000e+000
5.685707142857193e-006	5.272632e-005	0.000000e+000
5.690721428571479e-006	4.798843e-005	0.000000e+000
5.695735714285765e-006	4.373094e-005	0.000000e+000
5.700750000000051e-006	3.995386e-005	0.000000e+000
5.705364285714337e-006	3.673292e-005	0.000000e+000
5.709978571428623e-006	3.372977e-005	0.000000e+000
5.714592857142909e-006	3.094440e-005	0.000000e+000
5.719207142857196e-006	2.837682e-005	0.000000e+000
5.723821428571482e-006	2.602702e-005	0.000000e+000
5.728435714285768e-006	2.389501e-005	0.000000e+000
5.733050000000054e-006	2.198079e-005	0.000000e+000
5.733150000000054e-006	2.194016e-005	0.000000e+000
5.738350000000054e-006	1.996450e-005	0.000000e+000
5.743550000000055e-006	1.813541e-005	0.000000e+000
5.748750000000055e-006	1.645290e-005	0.000000e+000
5.753950000000055e-006	1.491697e-005	0.000000e+000
5.759150000000056e-006	1.352760e-005	0.000000e+000
5.764350000000056e-006	1.228482e-005	0.000000e+000
5.769550000000056e-006	1.118860e-005	0.000000e+000
5.774978571428628e-006	1.014052e-005	0.000000e+000
5.780407142857200e-006	9.172775e-006	0.000000e+000
5.785835714285772e-006	8.285380e-006	0.000000e+000
5.791264285714343e-006	7.478332e-006	0.000000e+000
5.796692857142915e-006	6.751631e-006	0.000000e+000
5.802121428571487e-006	6.105277e-006	0.000000e+000
5.807550000000059e-006	5.539268e-006	0.000000e+000
5.811535714285774e-006	5.149956e-006	0.000000e+000
5.815521428571489e-006	4.784059e-006	0.000000e+000
5.819507142857203e-006	4.441579e-006	0.000000e+000
5.823492857142917e-006	4.122515e-006	0.000000e+000
5.827478571428632e-006	3.826867e-006	0.000000e+000
5.831464285714347e-006	3.554636e-006	0.000000e+000
5.835450000000061e-006	3.305821e-006	0.000000e+000
5.835550000000061e-006	3.299710e-006	0.000000e+000
5.841950000000062e-006	2.940900e-006	0.000000e+000
5.848350000000062e-006	2.613159e-006	0.000000e+000
5.854750000000063e-006	2.316488e-006	0.000000e+000
5.861150000000063e-006	2.050886e-006	0.000000e+000
5.867550000000064e-006	1.816353e-006	0.000000e+000
5.873950000000064e-006	1.612890e-006	0.000000e+000
5.880350000000065e-006	1.440496e-006	0.000000e+000
5.888164285714351e-006	1.253715e-006	0.000000e+000
5.895978571428637e-006	1.085533e-006	0.000000e+000
5.903792857142923e-006	9.359489e-007	0.000000e+000
5.911607142857210e-006	8.049641e-007	0.000000e+000
5.919421428571496e-006	6.925782e-007	0.000000e+000
5.927235714285783e-006	5.987910e-007	0.000000e+000
5.935050000000069e-006	5.236026e-007	0.000000e+000
5.937950000000069e-006	4.962500e-007	0.000000e+000
5.949064285714356e-006	4.099752e-007	0.000000e+000
5.960178571428642e-006	3.344300e-007	0.000000e+000
5.971292857142929e-006	2.696143e-007	0.000000e+000
5.982407142857216e-006	2.155283e-007	0.000000e+000
5.993521428571502e-006	1.721718e-007	0.000000e+000
6.004635714285789e-006	1.395449e-007	0.000000e+000
6.015750000000075e-006	1.176475e-007	0.000000e+000
6.040350000000077e-006	7.463174e-008	0.000000e+000
6.054964285714363e-006	5.866400e-008	0.000000e+000
6.069578571428650e-006	4.500041e-008	0.000000e+000
6.084192857142937e-006	3.364097e-008	0.000000e+000
6.098807142857224e-006	2.458569e-008	0.000000e+000
6.113421428571511e-006	1.783456e-008	0.000000e+000
6.128035714285798e-006	1.338758e-008	0.000000e+000
6.142650000000084e-006	1.124476e-008	0.000000e+000
6.142750000000085e-006	1.122397e-008	0.000000e+000
6.245150000000092e-006	1.687991e-009	0.000000e+000
6.347550000000100e-006	2.538470e-010	0.000000e+000
6.449950000000108e-006	3.819650e-011	0.000000e+000
6.552350000000115e-006	5.743201e-012	0.000000e+000
6.654750000000123e-006	8.725810e-013	0.000000e+000
6.757150000000131e-006	1.428078e-013	0.000000e+000
6.859550000000138e-006	2.931607e-014	0.000000e+000
6.961950000000146e-006	1.030087e-014	0.000000e+000
7.064350000000154e-006	2.455936e-015	0.000000e+000
7.166750000000161e-006	6.288418e-016	0.000000e+000
7.269150000000169e-006	-1.048062e-015	0.000000e+000
7.371550000000177e-006	7.968069e-018	0.000000e+000
7.473950000000185e-006	-2.401249e-015	0.000000e+000
7.576350000000192e-006	5.784000e-016	0.000000e+000
7.678750000000200e-006	2.526627e-017	0.000000e+000
7.781150000000208e-006	-7.854563e-018	0.000000e+000
7.883550000000215e-006	-1.461948e-017	0.000000e+000
7.985950000000223e-006	-1.461948e-017	0.000000e+000
8.088350000000231e-006	-1.461948e-017	0.000000e+000
8.190750000000238e-006	-1.461948e-017	0.000000e+000
8.293150000000246e-006	-1.461948e-017	0.000000e+000
8.395550000000254e-006	-1.461948e-017	0.000000e+000
8.497950000000261e-006	-1.461948e-017	0.000000e+000
8.600350000000269e-006	-1.461948e-017	0.000000e+000
8.702750000000277e-006	-1.461948e-017	0.000000e+000
8.805150000000285e-006	-1.461948e-017	0.000000e+000
8.907550000000292e-006	-1.461948e-017	0.000000e+000
9.009950000000300e-006	-1.461948e-017	0.000000e+000
9.112350000000308e-006	-1.461948e-017	0.000000e+000
9.214750000000315e-006	-1.461948e-017	0.000000e+000
9.317150000000323e-006	-1.461948e-017	0.000000e+000
9.419550000000331e-006	-1.461948e-017	0.000000e+000
9.521950000000338e-006	-1.461948e-017	0.000000e+000
9.624350000000346e-006	-1.461948e-017	0.000000e+000
9.726750000000354e-006	-1.461948e-017	0.000000e+000
9.829150000000361e-006	-1.461948e-017	0.000000e+000
9.931550000000369e-006	-1.461948e-017	0.000000e+000
1.000000000000000e-005	-9.625246e-018	0.000000e+000
1.000000999999993e-005	1.631120e-003	1.000000e-002
1.000002999999978e-005	4.907530e-003	3.000000e-002
1.000006999999948e-005	1.152950e-002	7.000000e-002
1.000014999999888e-005	2.499909e-002	1.500000e-001
1.000024999999888e-005	4.221079e-002	2.500000e-001
1.000034999999888e-005	5.986550e-002	3.500000e-001
1.000044999999888e-005	7.798406e-002	4.500000e-001
1.000054999999888e-005	9.656384e-002	5.500000e-001
1.000064999999888e-005	1.156022e-001	6.500000e-001
1.000074999999888e-005	1.350965e-001	7.500000e-001
1.000084999999888e-005	1.550443e-001	8.500000e-001
1.000094999999888e-005	1.754428e-001	9.500000e-001
1.000104999999888e-005	1.962895e-001	1.050000e+000
1.000114999999888e-005	2.175819e-001	1.150000e+000
1.000124999999888e-005	2.393174e-001	1.250000e+000
1.000134999999888e-005	2.614936e-001	1.350000e+000
1.000144999999888e-005	2.841078e-001	1.450000e+000
1.000154999999888e-005	3.071577e-001	1.550000e+000
1.000164999999888e-005	3.306406e-001	1.650000e+000
1.000174999999888e-005	3.545542e-001	1.750000e+000
1.000184999999888e-005	3.788960e-001	1.850000e+000
1.000204999999888e-005	4.288543e-001	2.050000e+000
1.000224999999888e-005	4.804963e-001	2.250000e+000
1.000244999999888e-005	5.338027e-001	2.450000e+000
1.000264999999888e-005	5.887548e-001	2.650000e+000
1.000294999999888e-005	6.742272e-001	2.950000e+000
1.000324999999888e-005	7.632976e-001	3.250000e+000
1.000354999999888e-005	8.559048e-001	3.550000e+000
1.000409285714174e-005	1.033083e+000	4.092857e+000
1.000463571428459e-005	1.220481e+000	4.635714e+000
1.000517857142745e-005	1.418097e+000	5.178571e+000
1.000572142857031e-005	1.625933e+000	5.721428e+000
1.000626428571316e-005	1.843987e+000	6.264286e+000
1.000680714285602e-005	2.072261e+000	6.807143e+000
1.000734999999888e-005	2.310753e+000	7.350000e+000
1.000772999999904e-005	2.483122e+000	7.731659e+000
1.000810999999920e-005	2.659471e+000	8.112288e+000
1.000848999999936e-005	2.839802e+000	8.491889e+000
1.000886999999952e-005	3.024112e+000	8.870460e+000
1.000924999999968e-005	3.212404e+000	9.248002e+000
1.000962999999984e-005	3.404677e+000	9.624516e+000
1.001001000000000e-005	3.600930e+000	1.000000e+001
1.001057285714286e-005	3.799880e+000	1.000000e+001
1.001113571428571e-005	3.992971e+000	1.000000e+001
1.001169857142857e-005	4.180203e+000	1.000000e+001
1.001226142857143e-005	4.361575e+000	1.000000e+001
1.001282428571429e-005	4.537089e+000	1.000000e+001
1.001338714285714e-005	4.706743e+000	1.000000e+001
1.001395000000000e-005	4.870539e+000	1.000000e+001
1.001425000000000e-005	4.954847e+000	1.000000e+001
1.001435000000000e-005	4.982044e+000	1.000000e+001
1.001445000000000e-005	5.008549e+000	1.000000e+001
1.001455000000000e-005	5.034170e+000	1.000000e+001
1.001465000000000e-005	5.058701e+000	1.000000e+001
1.001475000000000e-005	5.081936e+000	1.000000e+001
1.001485000000000e-005	5.103697e+000	1.000000e+001
1.001495000000000e-005	5.123841e+000	1.000000e+001
1.001505000000000e-005	5.142279e+000	1.000000e+001
1.001515000000000e-005	5.158970e+000	1.000000e+001
1.001525000000000e-005	5.173929e+000	1.000000e+001
1.001535000000000e-005	5.187210e+000	1.000000e+001
1.001545000000000e-005	5.198902e+000	1.000000e+001
1.001555000000000e-005	5.209116e+000	1.000000e+001
1.001565000000000e-005	5.217977e+000	1.000000e+001
1.001575000000000e-005	5.225617e+000	1.000000e+001
1.001585000000000e-005	5.232165e+000	1.000000e+001
1.001595000000000e-005	5.237749e+000	1.000000e+001
1.001605000000000e-005	5.242483e+000	1.000000e+001
1.001625000000000e-005	5.249825e+000	1.000000e+001
1.001637857142857e-005	5.253073e+000	1.000000e+001
1.001650714285714e-005	5.255819e+000	1.000000e+001
1.001663571428572e-005	5.258063e+000	1.000000e+001
1.001676428571429e-005	5.259804e+000	1.000000e+001
1.001689285714286e-005	5.261042e+000	1.000000e+001
1.001702142857143e-005	5.261778e+000	1.000000e+001
1.001715000000000e-005	5.262012e+000	1.000000e+001
1.001765000000000e-005	5.260278e+000	1.000000e+001
1.001815000000000e-005	5.257267e+000	1.000000e+001
1.001865000000000e-005	5.252978e+000	1.000000e+001
1.001915000000000e-005	5.247411e+000	1.000000e+001
1.001965000000000e-005	5.240566e+000	1.000000e+001
1.002015000000000e-005	5.232442e+000	1.000000e+001
1.002065000000000e-005	5.223041e+000	1.000000e+001
1.002096428571429e-005	5.218090e+000	1.000000e+001
1.002127857142857e-005	5.213628e+000	1.000000e+001
1.002159285714286e-005	5.209657e+000	1.000000e+001
1.002190714285714e-005	5.206174e+000	1.000000e+001
1.002222142857143e-005	5.203182e+000	1.000000e+001
1.002253571428572e-005	5.200679e+000	1.000000e+001
1.002285000000000e-005	5.198667e+000	1.000000e+001
1.002342142857143e-005	5.196414e+000	1.000000e+001
1.002399285714286e-005	5.194597e+000	1.000000e+001
1.002456428571429e-005	5.193214e+000	1.000000e+001
1.002513571428572e-005	5.192266e+000	1.000000e+001
1.002570714285715e-005	5.191752e+000	1.000000e+001
1.002627857142857e-005	5.191673e+000	1.000000e+001
1.002685000000000e-005	5.192029e+000	1.000000e+001
1.002776428571429e-005	5.192397e+000	1.000000e+001
1.002867857142857e-005	5.192894e+000	1.000000e+001
1.002959285714286e-005	5.193520e+000	1.000000e+001
1.003050714285715e-005	5.194277e+000	1.000000e+001
1.003142142857143e-005	5.195163e+000	1.000000e+001
1.003233571428572e-005	5.196179e+000	1.000000e+001
1.003325000000000e-005	5.197324e+000	1.000000e+001
1.003335000000000e-005	5.197453e+000	1.000000e+001
1.003406428571429e-005	5.198331e+000	1.000000e+001
1.003477857142857e-005	5.199368e+000	1.000000e+001
1.003549285714286e-005	5.200565e+000	1.000000e+001
1.003620714285714e-005	5.201920e+000	1.000000e+001
1.003692142857143e-005	5.203434e+000	1.000000e+001
1.003763571428572e-005	5.205108e+000	1.000000e+001
1.003835000000000e-005	5.206940e+000	1.000000e+001
1.003855000000000e-005	5.208953e+000	1.000000e+001
1.003865000000000e-005	5.210894e+000	1.000000e+001
1.003875000000000e-005	5.213607e+000	1.000000e+001
1.003885000000000e-005	5.217142e+000	1.000000e+001
1.003895000000000e-005	5.221509e+000	1.000000e+001
1.003905000000000e-005	5.226687e+000	1.000000e+001
1.003915000000000e-005	5.232632e+000	1.000000e+001
1.003925000000000e-005	5.239284e+000	1.000000e+001
1.003935000000000e-005	5.246574e+000	1.000000e+001
1.003945000000000e-005	5.254429e+000	1.000000e+001
1.003955000000000e-005	5.262775e+000	1.000000e+001
1.003965000000000e-005	5.271545e+000	1.000000e+001
1.003975000000000e-005	5.280672e+000	1.000000e+001
1.003985000000000e-005	5.290100e+000	1.000000e+001
1.003995000000000e-005	5.299777e+000	1.000000e+001
1.004005000000000e-005	5.309658e+000	1.000000e+001
1.004015000000000e-005	5.319708e+000	1.000000e+001
1.004035000000000e-005	5.340190e+000	1.000000e+001
1.004055000000000e-005	5.361033e+000	1.000000e+001
1.004075000000000e-005	5.382108e+000	1.000000e+001
1.004105000000000e-005	5.413979e+000	1.000000e+001
1.004135000000000e-005	5.446005e+000	1.000000e+001
1.004165000000000e-005	5.478082e+000	1.000000e+001
1.004189285714286e-005	5.504070e+000	1.000000e+001
1.004213571428572e-005	5.529983e+000	1.000000e+001
1.004237857142857e-005	5.555821e+000	1.000000e+001
1.004262142857143e-005	5.581583e+000	1.000000e+001
1.004286428571429e-005	5.607269e+000	1.000000e+001
1.004310714285715e-005	5.632880e+000	1.000000e+001
1.004335000000000e-005	5.658415e+000	1.000000e+001
1.004372142857143e-005	5.697238e+000	1.000000e+001
1.004409285714286e-005	5.735772e+000	1.000000e+001
1.004446428571429e-005	5.774017e+000	1.000000e+001
1.004483571428572e-005	5.811974e+000	1.000000e+001
1.004520714285715e-005	5.849642e+000	1.000000e+001
1.004557857142857e-005	5.887020e+000	1.000000e+001
1.004595000000000e-005	5.924110e+000	1.000000e+001
1.004652142857143e-005	5.980548e+000	1.000000e+001
1.004709285714286e-005	6.036265e+000	1.000000e+001
1.004766428571429e-005	6.091261e+000	1.000000e+001
1.004823571428572e-005	6.145536e+000	1.000000e+001
1.004880714285715e-005	6.199089e+000	1.000000e+001
1.004937857142857e-005	6.251922e+000	1.000000e+001
1.004995000000000e-005	6.304034e+000	1.000000e+001
1.005085000000000e-005	6.384621e+000	1.000000e+001
1.005175000000000e-005	6.463564e+000	1.000000e+001
1.005265000000000e-005	6.540861e+000	1.000000e+001
1.005355000000000e-005	6.616513e+000	1.000000e+001
1.005445000000000e-005	6.690520e+000	1.000000e+001
1.005535000000000e-005	6.762883e+000	1.000000e+001
1.005625000000000e-005	6.833600e+000	1.000000e+001
1.005770714285715e-005	6.944666e+000	1.000000e+001
1.005916428571429e-005	7.052158e+000	1.000000e+001
1.006062142857143e-005	7.156074e+000	1.000000e+001
1.006207857142858e-005	7.256416e+000	1.000000e+001
1.006353571428572e-005	7.353184e+000	1.000000e+001
1.006499285714286e-005	7.446376e+000	1.000000e+001
1.006645000000000e-005	7.535994e+000	1.000000e+001
1.006890714285715e-005	7.679408e+000	1.000000e+001
1.007136428571429e-005	7.815510e+000	1.000000e+001
1.007382142857143e-005	7.944299e+000	1.000000e+001
1.007627857142858e-005	8.065776e+000	1.000000e+001
1.007873571428572e-005	8.179940e+000	1.000000e+001
1.008119285714286e-005	8.286792e+000	1.000000e+001
1.008365000000001e-005	8.386332e+000	1.000000e+001
1.008736428571429e-005	8.524979e+000	1.000000e+001
1.009107857142858e-005	8.653738e+000	1.000000e+001
1.009479285714286e-005	8.772607e+000	1.000000e+001
1.009850714285715e-005	8.881587e+000	1.000000e+001
1.010222142857144e-005	8.980678e+000	1.000000e+001
1.010593571428572e-005	9.069879e+000	1.000000e+001
1.010965000000001e-005	9.149192e+000	1.000000e+001
1.011336428571429e-005	9.222308e+000	1.000000e+001
1.011707857142858e-005	9.290207e+000	1.000000e+001
1.012079285714287e-005	9.352890e+000	1.000000e+001
1.012450714285715e-005	9.410355e+000	1.000000e+001
1.012822142857144e-005	9.462605e+000	1.000000e+001
1.013193571428573e-005	9.509637e+000	1.000000e+001
1.013565000000001e-005	9.551453e+000	1.000000e+001
1.013575000000001e-005	9.552555e+000	1.000000e+001
1.013946428571429e-005	9.591010e+000	1.000000e+001
1.014317857142858e-005	9.626721e+000	1.000000e+001
1.014689285714287e-005	9.659688e+000	1.000000e+001
1.015060714285715e-005	9.689911e+000	1.000000e+001
1.015432142857144e-005	9.717389e+000	1.000000e+001
1.015803571428573e-005	9.742124e+000	1.000000e+001
1.016175000000001e-005	9.764114e+000	1.000000e+001
1.016546428571430e-005	9.784388e+000	1.000000e+001
1.016917857142858e-005	9.803215e+000	1.000000e+001
1.017289285714287e-005	9.820595e+000	1.000000e+001
1.017660714285716e-005	9.836528e+000	1.000000e+001
1.018032142857144e-005	9.851014e+000	1.000000e+001
1.018403571428573e-005	9.864054e+000	1.000000e+001
1.018775000000001e-005	9.875648e+000	1.000000e+001
1.019146428571430e-005	9.886335e+000	1.000000e+001
1.019517857142859e-005	9.896260e+000	1.000000e+001
1.019889285714287e-005	9.905422e+000	1.000000e+001
1.020260714285716e-005	9.913822e+000	1.000000e+001
1.020632142857144e-005	9.921459e+000	1.000000e+001
1.021003571428573e-005	9.928334e+000	1.000000e+001
1.021375000000002e-005	9.934445e+000	1.000000e+001
1.021722142857144e-005	9.939737e+000	1.000000e+001
1.022069285714287e-005	9.944670e+000	1.000000e+001
1.022416428571430e-005	9.949246e+000	1.000000e+001
1.022763571428573e-005	9.953463e+000	1.000000e+001
1.023110714285716e-005	9.957321e+000	1.000000e+001
1.023457857142859e-005	9.960822e+000	1.000000e+001
1.023805000000002e-005	9.963964e+000	1.000000e+001
1.023815000000002e-005	9.964053e+000	1.000000e+001
1.024186428571430e-005	9.967143e+000	1.000000e+001
1.024557857142859e-005	9.970012e+000	1.000000e+001
1.024929285714288e-005	9.972660e+000	1.000000e+001
1.025300714285716e-005	9.975088e+000	1.000000e+001
1.025672142857145e-005	9.977296e+000	1.000000e+001
1.026043571428573e-005	9.979283e+000	1.000000e+001
1.026415000000002e-005	9.981050e+000	1.000000e+001
1.026786428571431e-005	9.982679e+000	1.000000e+001
1.027157857142859e-005	9.984191e+000	1.000000e+001
1.027529285714288e-005	9.985588e+000	1.000000e+001
1.027900714285716e-005	9.986868e+000	1.000000e+001
1.028272142857145e-005	9.988032e+000	1.000000e+001
1.028643571428574e-005	9.989079e+000	1.000000e+001
1.029015000000002e-005	9.990010e+000	1.000000e+001
1.029386428571431e-005	9.990869e+000	1.000000e+001
1.029757857142859e-005	9.991666e+000	1.000000e+001
1.030129285714288e-005	9.992402e+000	1.000000e+001
1.030500714285717e-005	9.993077e+000	1.000000e+001
1.030872142857145e-005	9.993691e+000	1.000000e+001
1.031243571428574e-005	9.994243e+000	1.000000e+001
1.031615000000002e-005	9.994734e+000	1.000000e+001
1.031962142857145e-005	9.995159e+000	1.000000e+001
1.032309285714288e-005	9.995555e+000	1.000000e+001
1.032656428571431e-005	9.995923e+000	1.000000e+001
1.033003571428574e-005	9.996261e+000	1.000000e+001
1.033350714285717e-005	9.996571e+000	1.000000e+001
1.033697857142860e-005	9.996852e+000	1.000000e+001
1.034045000000003e-005	9.997105e+000	1.000000e+001
1.034055000000002e-005	9.997112e+000	1.000000e+001
1.034426428571431e-005	9.997361e+000	1.000000e+001
1.034797857142860e-005	9.997591e+000	1.000000e+001
1.035169285714288e-005	9.997804e+000	1.000000e+001
1.035540714285717e-005	9.997999e+000	1.000000e+001
1.035912142857145e-005	9.998176e+000	1.000000e+001
1.036283571428574e-005	9.998336e+000	1.000000e+001
1.036655000000003e-005	9.998478e+000	1.000000e+001
1.037026428571431e-005	9.998609e+000	1.000000e+001
1.037397857142860e-005	9.998730e+000	1.000000e+001
1.037769285714288e-005	9.998842e+000	1.000000e+001
1.038140714285717e-005	9.998945e+000	1.000000e+001
1.038512142857146e-005	9.999038e+000	1.000000e+001
1.038883571428574e-005	9.999122e+000	1.000000e+001
1.039255000000003e-005	9.999197e+000	1.000000e+001
1.039627857142860e-005	9.999267e+000	1.000000e+001
1.040000714285717e-005	9.999331e+000	1.000000e+001
1.040373571428574e-005	9.999390e+000	1.000000e+001
1.040746428571432e-005	9.999445e+000	1.000000e+001
1.041119285714289e-005	9.999494e+000	1.000000e+001
1.041492142857146e-005	9.999538e+000	1.000000e+001
1.041865000000003e-005	9.999578e+000	1.000000e+001
1.042210714285717e-005	9.999612e+000	1.000000e+001
1.042556428571432e-005	9.999644e+000	1.000000e+001
1.042902142857146e-005	9.999673e+000	1.000000e+001
1.043247857142861e-005	9.999700e+000	1.000000e+001
1.043593571428575e-005	9.999725e+000	1.000000e+001
1.043939285714289e-005	9.999747e+000	1.000000e+001
1.044285000000003e-005	9.999767e+000	1.000000e+001
1.044295000000003e-005	9.999768e+000	1.000000e+001
1.044669285714289e-005	9.999788e+000	1.000000e+001
1.045043571428575e-005	9.999807e+000	1.000000e+001
1.045417857142861e-005	9.999824e+000	1.000000e+001
1.045792142857146e-005	9.999840e+000	1.000000e+001
1.046166428571432e-005	9.999854e+000	1.000000e+001
1.046540714285718e-005	9.999867e+000	1.000000e+001
1.046915000000004e-005	9.999878e+000	1.000000e+001
1.047292142857147e-005	9.999889e+000	1.000000e+001
1.047669285714289e-005	9.999899e+000	1.000000e+001
1.048046428571432e-005	9.999908e+000	1.000000e+001
1.048423571428575e-005	9.999916e+000	1.000000e+001
1.048800714285718e-005	9.999924e+000	1.000000e+001
1.049177857142861e-005	9.999930e+000	1.000000e+001
1.049555000000004e-005	9.999936e+000	1.000000e+001
1.049937857142861e-005	9.999942e+000	1.000000e+001
1.050320714285718e-005	9.999947e+000	1.000000e+001
1.050703571428575e-005	9.999952e+000	1.000000e+001
1.051086428571432e-005	9.999956e+000	1.000000e+001
1.051469285714290e-005	9.999961e+000	1.000000e+001
1.051852142857147e-005	9.999964e+000	1.000000e+001
1.052235000000004e-005	9.999968e+000	1.000000e+001
1.052562142857147e-005	9.999970e+000	1.000000e+001
1.052889285714290e-005	9.999972e+000	1.000000e+001
1.053216428571433e-005	9.999974e+000	1.000000e+001
1.053543571428575e-005	9.999976e+000	1.000000e+001
1.053870714285718e-005	9.999978e+000	1.000000e+001
1.054197857142861e-005	9.999979e+000	1.000000e+001
1.054525000000004e-005	9.999981e+000	1.000000e+001
1.054535000000004e-005	9.999981e+000	1.000000e+001
1.054945000000004e-005	9.999983e+000	1.000000e+001
1.055355000000004e-005	9.999984e+000	1.000000e+001
1.055765000000004e-005	9.999986e+000	1.000000e+001
1.056175000000004e-005	9.999987e+000	1.000000e+001
1.056585000000004e-005	9.999989e+000	1.000000e+001
1.056995000000004e-005	9.999990e+000	1.000000e+001
1.057405000000004e-005	9.999990e+000	1.000000e+001
1.057852142857147e-005	9.999991e+000	1.000000e+001
1.058299285714290e-005	9.999992e+000	1.000000e+001
1.058746428571433e-005	9.999993e+000	1.000000e+001
1.059193571428576e-005	9.999994e+000	1.000000e+001
1.059640714285719e-005	9.999995e+000	1.000000e+001
1.060087857142862e-005	9.999995e+000	1.000000e+001
1.060535000000004e-005	9.999996e+000	1.000000e+001
1.061053571428576e-005	9.999996e+000	1.000000e+001
1.061572142857147e-005	9.999997e+000	1.000000e+001
1.062090714285719e-005	9.999997e+000	1.000000e+001
1.062609285714290e-005	9.999997e+000	1.000000e+001
1.063127857142862e-005	9.999998e+000	1.000000e+001
1.063646428571433e-005	9.999998e+000	1.000000e+001
1.064165000000005e-005	9.999998e+000	1.000000e+001
1.064775000000005e-005	9.999998e+000	1.000000e+001
1.065479285714291e-005	9.999998e+000	1.000000e+001
1.066183571428576e-005	9.999999e+000	1.000000e+001
1.066887857142862e-005	9.999999e+000	1.000000e+001
1.067592142857148e-005	9.999999e+000	1.000000e+001
1.068296428571434e-005	9.999999e+000	1.000000e+001
1.069000714285719e-005	1.000000e+001	1.000000e+001
1.069705000000005e-005	1.000000e+001	1.000000e+001
1.070462142857148e-005	1.000000e+001	1.000000e+001
1.071219285714291e-005	1.000000e+001	1.000000e+001
1.071976428571434e-005	1.000000e+001	1.000000e+001
1.072733571428577e-005	1.000000e+001	1.000000e+001
1.073490714285720e-005	1.000000e+001	1.000000e+001
1.074247857142863e-005	1.000000e+001	1.000000e+001
1.075005000000006e-005	1.000000e+001	1.000000e+001
1.075015000000006e-005	1.000000e+001	1.000000e+001
1.076476428571434e-005	1.000000e+001	1.000000e+001
1.077937857142863e-005	1.000000e+001	1.000000e+001
1.079399285714292e-005	1.000000e+001	1.000000e+001
1.080860714285720e-005	1.000000e+001	1.000000e+001
1.082322142857149e-005	1.000000e+001	1.000000e+001
1.083783571428578e-005	1.000000e+001	1.000000e+001
1.085245000000006e-005	1.000000e+001	1.000000e+001
1.085255000000006e-005	1.000000e+001	1.000000e+001
1.095495000000007e-005	1.000000e+001	1.000000e+001
1.105735000000008e-005	1.000000e+001	1.000000e+001
1.115975000000009e-005	1.000000e+001	1.000000e+001
1.126215000000009e-005	1.000000e+001	1.000000e+001
1.136455000000010e-005	1.000000e+001	1.000000e+001
1.146695000000011e-005	1.000000e+001	1.000000e+001
1.156935000000012e-005	1.000000e+001	1.000000e+001
1.167175000000012e-005	1.000000e+001	1.000000e+001
1.177415000000013e-005	1.000000e+001	1.000000e+001
1.187655000000014e-005	1.000000e+001	1.000000e+001
1.197895000000015e-005	1.000000e+001	1.000000e+001
1.208135000000016e-005	1.000000e+001	1.000000e+001
1.218375000000016e-005	1.000000e+001	1.000000e+001
1.228615000000017e-005	1.000000e+001	1.000000e+001
1.238855000000018e-005	1.000000e+001	1.000000e+001
1.249095000000019e-005	1.000000e+001	1.000000e+001
1.259335000000019e-005	1.000000e+001	1.000000e+001
1.269575000000020e-005	1.000000e+001	1.000000e+001
1.279815000000021e-005	1.000000e+001	1.000000e+001
1.290055000000022e-005	1.000000e+001	1.000000e+001
1.300295000000022e-005	1.000000e+001	1.000000e+001
1.310535000000023e-005	1.000000e+001	1.000000e+001
1.320775000000024e-005	1.000000e+001	1.000000e+001
1.331015000000025e-005	1.000000e+001	1.000000e+001
1.341255000000026e-005	1.000000e+001	1.000000e+001
1.351495000000026e-005	1.000000e+001	1.000000e+001
1.361735000000027e-005	1.000000e+001	1.000000e+001
1.371975000000028e-005	1.000000e+001	1.000000e+001
1.382215000000029e-005	1.000000e+001	1.000000e+001
1.392455000000029e-005	1.000000e+001	1.000000e+001
1.402695000000030e-005	1.000000e+001	1.000000e+001
1.412935000000031e-005	1.000000e+001	1.000000e+001
1.423175000000032e-005	1.000000e+001	1.000000e+001
1.433415000000032e-005	1.000000e+001	1.000000e+001
1.443655000000033e-005	1.000000e+001	1.000000e+001
1.453895000000034e-005	1.000000e+001	1.000000e+001
1.464135000000035e-005	1.000000e+001	1.000000e+001
1.474375000000036e-005	1.000000e+001	1.000000e+001
1.484615000000036e-005	1.000000e+001	1.000000e+001
1.494855000000037e-005	1.000000e+001	1.000000e+001
1.501000000000000e-005	1.000000e+001	1.000000e+001
1.501046428571413e-005	9.922107e+000	9.535714e+000
1.501092857142825e-005	9.839948e+000	9.071429e+000
1.501139285714238e-005	9.753522e+000	8.607143e+000
1.501185714285650e-005	9.662829e+000	8.142857e+000
1.501232142857062e-005	9.567869e+000	7.678571e+000
1.501278571428475e-005	9.468643e+000	7.214286e+000
1.501324999999887e-005	9.365149e+000	6.750000e+000
1.501409285714173e-005	9.166364e+000	5.907143e+000
1.501493571428459e-005	8.954989e+000	5.064286e+000
1.501577857142745e-005	8.731022e+000	4.221429e+000
1.501662142857030e-005	8.494466e+000	3.378571e+000
1.501746428571316e-005	8.245319e+000	2.535714e+000
1.501830714285602e-005	7.983581e+000	1.692857e+000
1.501914999999887e-005	7.709253e+000	8.500000e-001
1.502000000000000e-005	7.421429e+000	0.000000e+000
1.502187857142857e-005	7.087390e+000	0.000000e+000
1.502375714285714e-005	6.766891e+000	0.000000e+000
1.502563571428572e-005	6.459933e+000	0.000000e+000
1.502751428571429e-005	6.166515e+000	0.000000e+000
1.502939285714286e-005	5.886638e+000	0.000000e+000
1.503127142857143e-005	5.620301e+000	0.000000e+000
1.503315000000000e-005	5.367504e+000	0.000000e+000
1.503425000000000e-005	5.224193e+000	0.000000e+000
1.503535000000000e-005	5.084454e+000	0.000000e+000
1.503645000000000e-005	4.948287e+000	0.000000e+000
1.503755000000000e-005	4.815692e+000	0.000000e+000
1.503865000000000e-005	4.686670e+000	0.000000e+000
1.503975000000000e-005	4.561220e+000	0.000000e+000
1.504085000000000e-005	4.439342e+000	0.000000e+000
1.504146428571429e-005	4.372596e+000	0.000000e+000
1.504207857142857e-005	4.306794e+000	0.000000e+000
1.504269285714286e-005	4.241934e+000	0.000000e+000
1.504330714285715e-005	4.178018e+000	0.000000e+000
1.504392142857143e-005	4.115045e+000	0.000000e+000
1.504453571428572e-005	4.053014e+000	0.000000e+000
1.504515000000000e-005	3.991927e+000	0.000000e+000
1.504553571428572e-005	3.954007e+000	0.000000e+000
1.504592142857143e-005	3.916405e+000	0.000000e+000
1.504630714285715e-005	3.879118e+000	0.000000e+000
1.504669285714286e-005	3.842148e+000	0.000000e+000
1.504707857142857e-005	3.805495e+000	0.000000e+000
1.504746428571429e-005	3.769158e+000	0.000000e+000
1.504785000000000e-005	3.733137e+000	0.000000e+000
1.504810714285715e-005	3.709281e+000	0.000000e+000
1.504836428571429e-005	3.685524e+000	0.000000e+000
1.504862142857143e-005	3.661866e+000	0.000000e+000
1.504887857142857e-005	3.638308e+000	0.000000e+000
1.504913571428572e-005	3.614850e+000	0.000000e+000
1.504939285714286e-005	3.591491e+000	0.000000e+000
1.504965000000000e-005	3.568232e+000	0.000000e+000
1.504973571428572e-005	3.560488e+000	0.000000e+000
1.504982142857143e-005	3.552749e+000	0.000000e+000
1.504990714285715e-005	3.545015e+000	0.000000e+000
1.504999285714286e-005	3.537286e+000	0.000000e+000
1.505007857142857e-005	3.529562e+000	0.000000e+000
1.505016428571429e-005	3.521843e+000	0.000000e+000
1.505025000000000e-005	3.514129e+000	0.000000e+000
1.505035000000000e-005	3.505130e+000	0.000000e+000
1.505065000000000e-005	3.478142e+000	0.000000e+000
1.505095000000000e-005	3.451134e+000	0.000000e+000
1.505125000000000e-005	3.424057e+000	0.000000e+000
1.505155000000000e-005	3.396854e+000	0.000000e+000
1.505185000000000e-005	3.369452e+000	0.000000e+000
1.505205000000000e-005	3.351029e+000	0.000000e+000
1.505225000000000e-005	3.332443e+000	0.000000e+000
1.505245000000000e-005	3.313653e+000	0.000000e+000
1.505265000000000e-005	3.294608e+000	0.000000e+000
1.505285000000000e-005	3.275259e+000	0.000000e+000
1.505315000000000e-005	3.245749e+000	0.000000e+000
1.505335000000000e-005	3.225784e+000	0.000000e+000
1.505355000000000e-005	3.205856e+000	0.000000e+000
1.505375000000000e-005	3.185964e+000	0.000000e+000
1.505395000000000e-005	3.166110e+000	0.000000e+000
1.505415000000000e-005	3.146292e+000	0.000000e+000
1.505435000000000e-005	3.126510e+000	0.000000e+000
1.505455000000000e-005	3.106766e+000	0.000000e+000
1.505575000000000e-005	2.992170e+000	0.000000e+000
1.505695000000000e-005	2.882627e+000	0.000000e+000
1.505815000000000e-005	2.778136e+000	0.000000e+000
1.505935000000000e-005	2.678698e+000	0.000000e+000
1.506055000000000e-005	2.584312e+000	0.000000e+000
1.506175000000000e-005	2.494979e+000	0.000000e+000
1.506295000000000e-005	2.410698e+000	0.000000e+000
1.506432142857143e-005	2.319542e+000	0.000000e+000
1.506569285714286e-005	2.232704e+000	0.000000e+000
1.506706428571429e-005	2.150182e+000	0.000000e+000
1.506843571428572e-005	2.071978e+000	0.000000e+000
1.506980714285715e-005	1.998089e+000	0.000000e+000
1.507117857142857e-005	1.928518e+000	0.000000e+000
1.507255000000000e-005	1.863264e+000	0.000000e+000
1.507479285714286e-005	1.762619e+000	0.000000e+000
1.507703571428572e-005	1.668770e+000	0.000000e+000
1.507927857142858e-005	1.581715e+000	0.000000e+000
1.508152142857143e-005	1.501456e+000	0.000000e+000
1.508376428571429e-005	1.427992e+000	0.000000e+000
1.508600714285715e-005	1.361323e+000	0.000000e+000
1.508825000000001e-005	1.301449e+000	0.000000e+000
1.508966428571429e-005	1.266171e+000	0.000000e+000
1.509107857142858e-005	1.232615e+000	0.000000e+000
1.509249285714286e-005	1.200781e+000	0.000000e+000
1.509390714285715e-005	1.170669e+000	0.000000e+000
1.509532142857143e-005	1.142278e+000	0.000000e+000
1.509673571428572e-005	1.115609e+000	0.000000e+000
1.509815000000001e-005	1.090662e+000	0.000000e+000
1.509887857142858e-005	1.078275e+000	0.000000e+000
1.509960714285715e-005	1.066229e+000	0.000000e+000
1.510033571428572e-005	1.054524e+000	0.000000e+000
1.510106428571429e-005	1.043158e+000	0.000000e+000
1.510179285714286e-005	1.032133e+000	0.000000e+000
1.510252142857144e-005	1.021449e+000	0.000000e+000
1.510325000000001e-005	1.011105e+000	0.000000e+000
1.510345000000001e-005	1.008312e+000	0.000000e+000
1.510355000000001e-005	1.006925e+000	0.000000e+000
1.510375000000001e-005	1.004167e+000	0.000000e+000
1.510453571428572e-005	9.935758e-001	0.000000e+000
1.510532142857143e-005	9.832937e-001	0.000000e+000
1.510610714285715e-005	9.733204e-001	0.000000e+000
1.510689285714286e-005	9.636560e-001	0.000000e+000
1.510767857142858e-005	9.543003e-001	0.000000e+000
1.510846428571429e-005	9.452534e-001	0.000000e+000
1.510925000000001e-005	9.365154e-001	0.000000e+000
1.511077857142858e-005	9.204074e-001	0.000000e+000
1.511230714285715e-005	9.050680e-001	0.000000e+000
1.511383571428572e-005	8.904974e-001	0.000000e+000
1.511536428571429e-005	8.766954e-001	0.000000e+000
1.511689285714286e-005	8.636621e-001	0.000000e+000
1.511842142857144e-005	8.513974e-001	0.000000e+000
1.511995000000001e-005	8.399015e-001	0.000000e+000
1.512197857142858e-005	8.255959e-001	0.000000e+000
1.512400714285715e-005	8.116888e-001	0.000000e+000
1.512603571428572e-005	7.981804e-001	0.000000e+000
1.512806428571429e-005	7.850706e-001	0.000000e+000
1.513009285714287e-005	7.723593e-001	0.000000e+000
1.513212142857144e-005	7.600467e-001	0.000000e+000
1.513415000000001e-005	7.481326e-001	0.000000e+000
1.513679285714287e-005	7.321484e-001	0.000000e+000
1.513943571428572e-005	7.153500e-001	0.000000e+000
1.514207857142858e-005	6.977374e-001	0.000000e+000
1.514472142857144e-005	6.793106e-001	0.000000e+000
1.514736428571429e-005	6.600696e-001	0.000000e+000
1.515000714285715e-005	6.400144e-001	0.000000e+000
1.515265000000001e-005	6.191450e-001	0.000000e+000
1.515275000000001e-005	6.183428e-001	0.000000e+000
1.515623571428573e-005	5.890452e-001	0.000000e+000
1.515972142857144e-005	5.603601e-001	0.000000e+000
1.516320714285715e-005	5.322876e-001	0.000000e+000
1.516669285714287e-005	5.048275e-001	0.000000e+000
1.517017857142858e-005	4.779799e-001	0.000000e+000
1.517366428571430e-005	4.517449e-001	0.000000e+000
1.517715000000001e-005	4.261224e-001	0.000000e+000
1.518097857142858e-005	4.005040e-001	0.000000e+000
1.518480714285716e-005	3.763360e-001	0.000000e+000
1.518863571428573e-005	3.536181e-001	0.000000e+000
1.519246428571430e-005	3.323506e-001	0.000000e+000
1.519629285714287e-005	3.125332e-001	0.000000e+000
1.520012142857144e-005	2.941662e-001	0.000000e+000
1.520395000000001e-005	2.772493e-001	0.000000e+000
1.520850714285716e-005	2.585711e-001	0.000000e+000
1.521306428571430e-005	2.409959e-001	0.000000e+000
1.521762142857144e-005	2.245239e-001	0.000000e+000
1.522217857142859e-005	2.091550e-001	0.000000e+000
1.522673571428573e-005	1.948892e-001	0.000000e+000
1.523129285714287e-005	1.817266e-001	0.000000e+000
1.523585000000002e-005	1.696670e-001	0.000000e+000
1.523859285714287e-005	1.626651e-001	0.000000e+000
1.524133571428573e-005	1.559083e-001	0.000000e+000
1.524407857142859e-005	1.493967e-001	0.000000e+000
1.524682142857145e-005	1.431304e-001	0.000000e+000
1.524956428571430e-005	1.371092e-001	0.000000e+000
1.525230714285716e-005	1.313332e-001	0.000000e+000
1.525505000000002e-005	1.258024e-001	0.000000e+000
1.525515000000002e-005	1.256039e-001	0.000000e+000
1.526137857142859e-005	1.139515e-001	0.000000e+000
1.526760714285716e-005	1.031333e-001	0.000000e+000
1.527383571428573e-005	9.314947e-002	0.000000e+000
1.528006428571430e-005	8.399988e-002	0.000000e+000
1.528629285714288e-005	7.568458e-002	0.000000e+000
1.529252142857145e-005	6.820355e-002	0.000000e+000
1.529875000000002e-005	6.155679e-002	0.000000e+000
1.530392142857145e-005	5.645021e-002	0.000000e+000
1.530909285714288e-005	5.168326e-002	0.000000e+000
1.531426428571431e-005	4.725594e-002	0.000000e+000
1.531943571428574e-005	4.316827e-002	0.000000e+000
1.532460714285717e-005	3.942023e-002	0.000000e+000
1.532977857142860e-005	3.601184e-002	0.000000e+000
1.533495000000003e-005	3.294308e-002	0.000000e+000
1.533816428571431e-005	3.114101e-002	0.000000e+000
1.534137857142860e-005	2.942344e-002	0.000000e+000
1.534459285714288e-005	2.779036e-002	0.000000e+000
1.534780714285717e-005	2.624178e-002	0.000000e+000
1.535102142857145e-005	2.477770e-002	0.000000e+000
1.535423571428574e-005	2.339811e-002	0.000000e+000
1.535745000000003e-005	2.210302e-002	0.000000e+000
1.535755000000003e-005	2.206355e-002	0.000000e+000
1.536250714285717e-005	2.021741e-002	0.000000e+000
1.536746428571431e-005	1.849807e-002	0.000000e+000
1.537242142857146e-005	1.690555e-002	0.000000e+000
1.537737857142860e-005	1.543984e-002	0.000000e+000
1.538233571428574e-005	1.410093e-002	0.000000e+000
1.538729285714288e-005	1.288884e-002	0.000000e+000
1.539225000000003e-005	1.180356e-002	0.000000e+000
1.539719285714289e-005	1.080526e-002	0.000000e+000
1.540213571428574e-005	9.876661e-003	0.000000e+000
1.540707857142860e-005	9.017749e-003	0.000000e+000
1.541202142857146e-005	8.228529e-003	0.000000e+000
1.541696428571432e-005	7.508999e-003	0.000000e+000
1.542190714285717e-005	6.859161e-003	0.000000e+000
1.542685000000003e-005	6.279013e-003	0.000000e+000
1.543156428571432e-005	5.767047e-003	0.000000e+000
1.543627857142860e-005	5.289868e-003	0.000000e+000
1.544099285714289e-005	4.847476e-003	0.000000e+000
1.544570714285718e-005	4.439872e-003	0.000000e+000
1.545042142857146e-005	4.067054e-003	0.000000e+000
1.545513571428575e-005	3.729024e-003	0.000000e+000
1.545985000000004e-005	3.425781e-003	0.000000e+000
1.545995000000004e-005	3.419484e-003	0.000000e+000
1.546489285714289e-005	3.127007e-003	0.000000e+000
1.546983571428575e-005	2.855265e-003	0.000000e+000
1.547477857142861e-005	2.604258e-003	0.000000e+000
1.547972142857147e-005	2.373987e-003	0.000000e+000
1.548466428571432e-005	2.164451e-003	0.000000e+000
1.548960714285718e-005	1.975650e-003	0.000000e+000
1.549455000000004e-005	1.807585e-003	0.000000e+000
1.549949285714289e-005	1.652637e-003	0.000000e+000
1.550443571428575e-005	1.508707e-003	0.000000e+000
1.550937857142861e-005	1.375795e-003	0.000000e+000
1.551432142857147e-005	1.253901e-003	0.000000e+000
1.551926428571432e-005	1.143026e-003	0.000000e+000
1.552420714285718e-005	1.043170e-003	0.000000e+000
1.552915000000004e-005	9.543310e-004	0.000000e+000
1.553387857142861e-005	8.757260e-004	0.000000e+000
1.553860714285718e-005	8.025293e-004	0.000000e+000
1.554333571428575e-005	7.347411e-004	0.000000e+000
1.554806428571433e-005	6.723613e-004	0.000000e+000
1.555279285714290e-005	6.153899e-004	0.000000e+000
1.555752142857147e-005	5.638269e-004	0.000000e+000
1.556225000000004e-005	5.176724e-004	0.000000e+000
1.556235000000004e-005	5.167163e-004	0.000000e+000
1.556730714285719e-005	4.722254e-004	0.000000e+000
1.557226428571433e-005	4.309130e-004	0.000000e+000
1.557722142857147e-005	3.927791e-004	0.000000e+000
1.558217857142861e-005	3.578238e-004	0.000000e+000
1.558713571428576e-005	3.260470e-004	0.000000e+000
1.559209285714290e-005	2.974487e-004	0.000000e+000
1.559705000000004e-005	2.720290e-004	0.000000e+000
1.560202142857147e-005	2.485361e-004	0.000000e+000
1.560699285714290e-005	2.267261e-004	0.000000e+000
1.561196428571433e-005	2.065990e-004	0.000000e+000
1.561693571428576e-005	1.881548e-004	0.000000e+000
1.562190714285719e-005	1.713935e-004	0.000000e+000
1.562687857142862e-005	1.563151e-004	0.000000e+000
1.563185000000005e-005	1.429196e-004	0.000000e+000
1.563653571428576e-005	1.312338e-004	0.000000e+000
1.564122142857147e-005	1.203475e-004	0.000000e+000
1.564590714285719e-005	1.102608e-004	0.000000e+000
1.565059285714291e-005	1.009737e-004	0.000000e+000
1.565527857142862e-005	9.248621e-005	0.000000e+000
1.565996428571433e-005	8.479826e-005	0.000000e+000
1.566465000000005e-005	7.790990e-005	0.000000e+000
1.566475000000005e-005	7.776591e-005	0.000000e+000
1.566976428571434e-005	7.099462e-005	0.000000e+000
1.567477857142862e-005	6.471179e-005	0.000000e+000
1.567979285714291e-005	5.891743e-005	0.000000e+000
1.568480714285719e-005	5.361154e-005	0.000000e+000
1.568982142857148e-005	4.879411e-005	0.000000e+000
1.569483571428577e-005	4.446515e-005	0.000000e+000
1.569985000000005e-005	4.062465e-005	0.000000e+000
1.570493571428577e-005	3.704070e-005	0.000000e+000
1.571002142857148e-005	3.371813e-005	0.000000e+000
1.571510714285720e-005	3.065696e-005	0.000000e+000
1.572019285714291e-005	2.785717e-005	0.000000e+000
1.572527857142862e-005	2.531878e-005	0.000000e+000
1.573036428571434e-005	2.304178e-005	0.000000e+000
1.573545000000005e-005	2.102617e-005	0.000000e+000
1.573996428571434e-005	1.936533e-005	0.000000e+000
1.574447857142862e-005	1.781487e-005	0.000000e+000
1.574899285714291e-005	1.637479e-005	0.000000e+000
1.575350714285720e-005	1.504509e-005	0.000000e+000
1.575802142857149e-005	1.382577e-005	0.000000e+000
1.576253571428577e-005	1.271682e-005	0.000000e+000
1.576705000000006e-005	1.171825e-005	0.000000e+000
1.576715000000006e-005	1.169659e-005	0.000000e+000
1.577255000000006e-005	1.060620e-005	0.000000e+000
1.577795000000006e-005	9.599067e-006	0.000000e+000
1.578335000000006e-005	8.675188e-006	0.000000e+000
1.578875000000006e-005	7.834565e-006	0.000000e+000
1.579415000000006e-005	7.077198e-006	0.000000e+000
1.579955000000006e-005	6.403088e-006	0.000000e+000
1.580495000000006e-005	5.812233e-006	0.000000e+000
1.581076428571435e-005	5.232616e-006	0.000000e+000
1.581657857142863e-005	4.699780e-006	0.000000e+000
1.582239285714292e-005	4.213724e-006	0.000000e+000
1.582820714285720e-005	3.774449e-006	0.000000e+000
1.583402142857149e-005	3.381954e-006	0.000000e+000
1.583983571428577e-005	3.036240e-006	0.000000e+000
1.584565000000006e-005	2.737306e-006	0.000000e+000
1.584905000000006e-005	2.571834e-006	0.000000e+000
1.585245000000006e-005	2.415093e-006	0.000000e+000
1.585585000000006e-005	2.267083e-006	0.000000e+000
1.585925000000006e-005	2.127804e-006	0.000000e+000
1.586265000000006e-005	1.997256e-006	0.000000e+000
1.586605000000007e-005	1.875438e-006	0.000000e+000
1.586945000000007e-005	1.762352e-006	0.000000e+000
1.586955000000007e-005	1.759094e-006	0.000000e+000
1.587695000000007e-005	1.541566e-006	0.000000e+000
1.588435000000007e-005	1.344907e-006	0.000000e+000
1.589175000000007e-005	1.169117e-006	0.000000e+000
1.589915000000007e-005	1.014197e-006	0.000000e+000
1.590655000000007e-005	8.801460e-007	0.000000e+000
1.591395000000007e-005	7.669647e-007	0.000000e+000
1.592135000000007e-005	6.746528e-007	0.000000e+000
1.592856428571435e-005	5.930642e-007	0.000000e+000
1.593577857142864e-005	5.191666e-007	0.000000e+000
1.594299285714293e-005	4.529599e-007	0.000000e+000
1.595020714285721e-005	3.944442e-007	0.000000e+000
1.595742142857150e-005	3.436195e-007	0.000000e+000
1.596463571428579e-005	3.004858e-007	0.000000e+000
1.597185000000007e-005	2.650430e-007	0.000000e+000
1.597195000000007e-005	2.645531e-007	0.000000e+000
1.598602142857150e-005	2.094823e-007	0.000000e+000
1.600009285714293e-005	1.622070e-007	0.000000e+000
1.601416428571436e-005	1.227273e-007	0.000000e+000
1.602823571428579e-005	9.104300e-008	0.000000e+000
1.604230714285722e-005	6.715427e-008	0.000000e+000
1.605637857142865e-005	5.106106e-008	0.000000e+000
1.607045000000008e-005	4.276338e-008	0.000000e+000
1.607435000000008e-005	3.978650e-008	0.000000e+000
1.608896428571437e-005	3.127403e-008	0.000000e+000
1.610357857142866e-005	2.398992e-008	0.000000e+000
1.611819285714294e-005	1.793415e-008	0.000000e+000
1.613280714285723e-005	1.310674e-008	0.000000e+000
1.614742142857151e-005	9.507683e-009	0.000000e+000
1.616203571428580e-005	7.136974e-009	0.000000e+000
1.617665000000009e-005	5.994617e-009	0.000000e+000
1.617675000000009e-005	5.983537e-009	0.000000e+000
1.627915000000010e-005	8.998682e-010	0.000000e+000
1.638155000000010e-005	1.353422e-010	0.000000e+000
1.648395000000011e-005	2.036605e-011	0.000000e+000
1.658635000000012e-005	3.060406e-012	0.000000e+000
1.668875000000013e-005	4.566514e-013	0.000000e+000
1.679115000000014e-005	8.297170e-014	0.000000e+000
1.689355000000014e-005	1.870607e-014	0.000000e+000
1.699595000000015e-005	1.025284e-014	0.000000e+000
1.709835000000016e-005	1.001296e-014	0.000000e+000
1.720075000000017e-005	6.436020e-015	0.000000e+000
1.730315000000017e-005	-2.252421e-015	0.000000e+000
1.740555000000018e-005	1.017915e-016	0.000000e+000
1.750795000000019e-005	-5.543687e-015	0.000000e+000
1.761035000000020e-005	-9.239328e-018	0.000000e+000
1.771275000000020e-005	-7.377841e-018	0.000000e+000
1.781515000000021e-005	-1.770682e-017	0.000000e+000
1.791755000000022e-005	-1.194302e-016	0.000000e+000
1.801995000000023e-005	2.179301e-018	0.000000e+000
1.812235000000024e-005	2.179301e-018	0.000000e+000
1.822475000000024e-005	2.179301e-018	0.000000e+000
1.832715000000025e-005	2.179301e-018	0.000000e+000
1.842955000000026e-005	2.179301e-018	0.000000e+000
1.853195000000027e-005	2.179301e-018	0.000000e+000
1.863435000000027e-005	2.179301e-018	0.000000e+000
1.873675000000028e-005	2.179301e-018	0.000000e+000
1.883915000000029e-005	2.179301e-018	0.000000e+000
1.894155000000030e-005	2.179301e-018	0.000000e+000
1.904395000000030e-005	2.179301e-018	0.000000e+000
1.914635000000031e-005	2.179301e-018	0.000000e+000
1.924875000000032e-005	2.179301e-018	0.000000e+000
1.935115000000033e-005	2.179301e-018	0.000000e+000
1.945355000000034e-005	2.179301e-018	0.000000e+000
1.955595000000034e-005	2.179301e-018	0.000000e+000
1.965835000000035e-005	2.179301e-018	0.000000e+000
1.976075000000036e-005	2.179301e-018	0.000000e+000
1.986315000000037e-005	2.179301e-018	0.000000e+000
1.996555000000037e-005	2.179301e-018	0.000000e+000
1.999990000000000e-005	3.450560e-018	0.000000e+000
2.000000000000000e-005	6.810315e-018	0.000000e+000
